[H[2J[3J[0;46;30m ----- START ----- [0;43;30m 15:54:13

pb
ra
pb
rb
ra
ra
ra
ra
pb
pb
rb
ra
ra
ra
pb
ra
ra
pb
rb
ra
ra
pb
ra
ra
ra
pb
pb
rb
pb
rb
pb
rb
pb
pb
ra
pb
rb
pb
ra
pb
pb
rb
pb
ra
pb
rb
pb
rb
ra
ra
pb
pb
pb
pb
ra
ra
pb
pb
pb
pb
pb
pb
pb
pb
ra
ra
pb
ra
pb
pb
pb
pb
sa
rra
sa
pa
pa
ra
pa
rra
rb
pa
rb
ra
pa
rra
rb
pa
pa
ra
ra
pa
rra
rra
ra
pa
rra
ra
ra
pa
rra
rra
rra
rra
rra
rra
rra
rra
rra
rra
rra
rra
rra
rra
rra
rra
	stack A
nbr 	index		act_pos	
33		(33)		(5)
34		(34)		(0)
36		(36)		(1)
38		(38)		(2)
39		(39)		(3)
40		(40)		(4)
NULL

	stack A
nbr 	index		act_pos	
30		(30)		(7)
31		(31)		(0)
33		(33)		(1)
34		(34)		(2)
36		(36)		(3)
38		(38)		(4)
39		(39)		(5)
40		(40)		(6)
NULL

	stack A
nbr 	index		act_pos	
25		(25)		(10)
28		(28)		(0)
30		(30)		(1)
31		(31)		(2)
33		(33)		(3)
34		(34)		(4)
36		(36)		(5)
38		(38)		(6)
39		(39)		(7)
40		(40)		(8)
22		(22)		(9)
NULL

	stack A
nbr 	index		act_pos	
22		(22)		(9)
25		(25)		(10)
28		(28)		(0)
30		(30)		(1)
31		(31)		(2)
33		(33)		(3)
34		(34)		(4)
36		(36)		(5)
38		(38)		(6)
39		(39)		(7)
40		(40)		(8)
NULL

	stack A
nbr 	index		act_pos	
22		(22)		(11)
24		(24)		(0)
25		(25)		(1)
28		(28)		(2)
30		(30)		(3)
31		(31)		(4)
33		(33)		(5)
34		(34)		(6)
36		(36)		(7)
38		(38)		(8)
39		(39)		(9)
40		(40)		(10)
NULL

	stack A
nbr 	index		act_pos	
24		(24)		(12)
27		(27)		(0)
25		(25)		(1)
28		(28)		(2)
30		(30)		(3)
31		(31)		(4)
33		(33)		(5)
34		(34)		(6)
36		(36)		(7)
38		(38)		(8)
39		(39)		(9)
40		(40)		(10)
22		(22)		(11)
NULL

	stack A
nbr 	index		act_pos	
22		(22)		(11)
24		(24)		(12)
27		(27)		(0)
25		(25)		(1)
28		(28)		(2)
30		(30)		(3)
31		(31)		(4)
33		(33)		(5)
34		(34)		(6)
36		(36)		(7)
38		(38)		(8)
39		(39)		(9)
40		(40)		(10)
NULL

	stack A
nbr 	index		act_pos	
40		(40)		(10)
22		(22)		(11)
24		(24)		(12)
27		(27)		(0)
25		(25)		(1)
28		(28)		(2)
30		(30)		(3)
31		(31)		(4)
33		(33)		(5)
34		(34)		(6)
36		(36)		(7)
38		(38)		(8)
39		(39)		(9)
NULL

	stack A
nbr 	index		act_pos	
39		(39)		(9)
40		(40)		(10)
22		(22)		(11)
24		(24)		(12)
27		(27)		(0)
25		(25)		(1)
28		(28)		(2)
30		(30)		(3)
31		(31)		(4)
33		(33)		(5)
34		(34)		(6)
36		(36)		(7)
38		(38)		(8)
NULL

	stack A
nbr 	index		act_pos	
38		(38)		(8)
39		(39)		(9)
40		(40)		(10)
22		(22)		(11)
24		(24)		(12)
27		(27)		(0)
25		(25)		(1)
28		(28)		(2)
30		(30)		(3)
31		(31)		(4)
33		(33)		(5)
34		(34)		(6)
36		(36)		(7)
NULL

	stack A
nbr 	index		act_pos	
36		(36)		(7)
38		(38)		(8)
39		(39)		(9)
40		(40)		(10)
22		(22)		(11)
24		(24)		(12)
27		(27)		(0)
25		(25)		(1)
28		(28)		(2)
30		(30)		(3)
31		(31)		(4)
33		(33)		(5)
34		(34)		(6)
NULL

	stack A
nbr 	index		act_pos	
34		(34)		(6)
36		(36)		(7)
38		(38)		(8)
39		(39)		(9)
40		(40)		(10)
22		(22)		(11)
24		(24)		(12)
27		(27)		(0)
25		(25)		(1)
28		(28)		(2)
30		(30)		(3)
31		(31)		(4)
33		(33)		(5)
NULL

	stack A
nbr 	index		act_pos	
33		(33)		(5)
34		(34)		(6)
36		(36)		(7)
38		(38)		(8)
39		(39)		(9)
40		(40)		(10)
22		(22)		(11)
24		(24)		(12)
27		(27)		(0)
25		(25)		(1)
28		(28)		(2)
30		(30)		(3)
31		(31)		(4)
NULL

	stack A
nbr 	index		act_pos	
31		(31)		(4)
33		(33)		(5)
34		(34)		(6)
36		(36)		(7)
38		(38)		(8)
39		(39)		(9)
40		(40)		(10)
22		(22)		(11)
24		(24)		(12)
27		(27)		(0)
25		(25)		(1)
28		(28)		(2)
30		(30)		(3)
NULL

	stack A
nbr 	index		act_pos	
30		(30)		(3)
31		(31)		(4)
33		(33)		(5)
34		(34)		(6)
36		(36)		(7)
38		(38)		(8)
39		(39)		(9)
40		(40)		(10)
22		(22)		(11)
24		(24)		(12)
27		(27)		(0)
25		(25)		(1)
28		(28)		(2)
NULL

	stack A
nbr 	index		act_pos	
28		(28)		(2)
30		(30)		(3)
31		(31)		(4)
33		(33)		(5)
34		(34)		(6)
36		(36)		(7)
38		(38)		(8)
39		(39)		(9)
40		(40)		(10)
22		(22)		(11)
24		(24)		(12)
27		(27)		(0)
25		(25)		(1)
NULL

	stack A
nbr 	index		act_pos	
25		(25)		(1)
28		(28)		(2)
30		(30)		(3)
31		(31)		(4)
33		(33)		(5)
34		(34)		(6)
36		(36)		(7)
38		(38)		(8)
39		(39)		(9)
40		(40)		(10)
22		(22)		(11)
24		(24)		(12)
27		(27)		(0)
NULL

	stack A
nbr 	index		act_pos	
27		(27)		(0)
25		(25)		(1)
28		(28)		(2)
30		(30)		(3)
31		(31)		(4)
33		(33)		(5)
34		(34)		(6)
36		(36)		(7)
38		(38)		(8)
39		(39)		(9)
40		(40)		(10)
22		(22)		(11)
24		(24)		(12)
NULL

	stack A
nbr 	index		act_pos	
24		(24)		(12)
27		(27)		(0)
25		(25)		(1)
28		(28)		(2)
30		(30)		(3)
31		(31)		(4)
33		(33)		(5)
34		(34)		(6)
36		(36)		(7)
38		(38)		(8)
39		(39)		(9)
40		(40)		(10)
22		(22)		(11)
NULL

	stack A
nbr 	index		act_pos	
22		(22)		(11)
24		(24)		(12)
27		(27)		(0)
25		(25)		(1)
28		(28)		(2)
30		(30)		(3)
31		(31)		(4)
33		(33)		(5)
34		(34)		(6)
36		(36)		(7)
38		(38)		(8)
39		(39)		(9)
40		(40)		(10)
NULL

	stack A
nbr 	index		act_pos	
40		(40)		(10)
22		(22)		(11)
rra
rra
rra
rra
rra
rra
pa
rra
rra
rra
rra
rra
rra
rra
rra
rra
rra
rra
rra
24		(24)		(12)
27		(27)		(0)
25		(25)		(1)
28		(28)		(2)
30		(30)		(3)
31		(31)		(4)
33		(33)		(5)
34		(34)		(6)
36		(36)		(7)
38		(38)		(8)
39		(39)		(9)
NULL

	stack A
nbr 	index		act_pos	
39		(39)		(9)
40		(40)		(10)
22		(22)		(11)
24		(24)		(12)
27		(27)		(0)
25		(25)		(1)
28		(28)		(2)
30		(30)		(3)
31		(31)		(4)
33		(33)		(5)
34		(34)		(6)
36		(36)		(7)
38		(38)		(8)
NULL

	stack A
nbr 	index		act_pos	
38		(38)		(8)
39		(39)		(9)
40		(40)		(10)
22		(22)		(11)
24		(24)		(12)
27		(27)		(0)
25		(25)		(1)
28		(28)		(2)
30		(30)		(3)
31		(31)		(4)
33		(33)		(5)
34		(34)		(6)
36		(36)		(7)
NULL

	stack A
nbr 	index		act_pos	
36		(36)		(7)
38		(38)		(8)
39		(39)		(9)
40		(40)		(10)
22		(22)		(11)
24		(24)		(12)
27		(27)		(0)
25		(25)		(1)
28		(28)		(2)
30		(30)		(3)
31		(31)		(4)
33		(33)		(5)
34		(34)		(6)
NULL

	stack A
nbr 	index		act_pos	
34		(34)		(6)
36		(36)		(7)
38		(38)		(8)
39		(39)		(9)
40		(40)		(10)
22		(22)		(11)
24		(24)		(12)
27		(27)		(0)
25		(25)		(1)
28		(28)		(2)
30		(30)		(3)
31		(31)		(4)
33		(33)		(5)
NULL

	stack A
nbr 	index		act_pos	
33		(33)		(5)
34		(34)		(6)
36		(36)		(7)
38		(38)		(8)
39		(39)		(9)
40		(40)		(10)
22		(22)		(11)
24		(24)		(12)
27		(27)		(0)
25		(25)		(1)
28		(28)		(2)
30		(30)		(3)
31		(31)		(4)
NULL

	stack A
nbr 	index		act_pos	
31		(31)		(4)
33		(33)		(5)
34		(34)		(6)
36		(36)		(7)
38		(38)		(8)
39		(39)		(9)
40		(40)		(10)
22		(22)		(11)
24		(24)		(12)
27		(27)		(0)
25		(25)		(1)
28		(28)		(2)
30		(30)		(3)
NULL

	stack A
nbr 	index		act_pos	
30		(30)		(13)
26		(26)		(0)
31		(31)		(1)
33		(33)		(2)
34		(34)		(3)
36		(36)		(4)
38		(38)		(5)
39		(39)		(6)
40		(40)		(7)
22		(22)		(8)
24		(24)		(9)
27		(27)		(10)
25		(25)		(11)
28		(28)		(12)
NULL

	stack A
nbr 	index		act_pos	
28		(28)		(12)
30		(30)		(13)
26		(26)		(0)
31		(31)		(1)
33		(33)		(2)
34		(34)		(3)
36		(36)		(4)
38		(38)		(5)
39		(39)		(6)
40		(40)		(7)
22		(22)		(8)
24		(24)		(9)
27		(27)		(10)
25		(25)		(11)
NULL

	stack A
nbr 	index		act_pos	
25		(25)		(11)
28		(28)		(12)
30		(30)		(13)
26		(26)		(0)
31		(31)		(1)
33		(33)		(2)
34		(34)		(3)
36		(36)		(4)
38		(38)		(5)
39		(39)		(6)
40		(40)		(7)
22		(22)		(8)
24		(24)		(9)
27		(27)		(10)
NULL

	stack A
nbr 	index		act_pos	
27		(27)		(10)
25		(25)		(11)
28		(28)		(12)
30		(30)		(13)
26		(26)		(0)
31		(31)		(1)
33		(33)		(2)
34		(34)		(3)
36		(36)		(4)
38		(38)		(5)
39		(39)		(6)
40		(40)		(7)
22		(22)		(8)
24		(24)		(9)
NULL

	stack A
nbr 	index		act_pos	
24		(24)		(9)
27		(27)		(10)
25		(25)		(11)
28		(28)		(12)
30		(30)		(13)
26		(26)		(0)
31		(31)		(1)
33		(33)		(2)
34		(34)		(3)
36		(36)		(4)
38		(38)		(5)
39		(39)		(6)
40		(40)		(7)
22		(22)		(8)
NULL

	stack A
nbr 	index		act_pos	
22		(22)		(8)
24		(24)		(9)
27		(27)		(10)
25		(25)		(11)
28		(28)		(12)
30		(30)		(13)
26		(26)		(0)
31		(31)		(1)
33		(33)		(2)
34		(34)		(3)
36		(36)		(4)
38		(38)		(5)
39		(39)		(6)
40		(40)		(7)
NULL

	stack A
nbr 	index		act_pos	
40		(40)		(7)
22		(22)		(8)
24		(24)		(9)
27		(27)		(10)
25		(25)		(11)
28		(28)		(12)
30		(30)		(13)
26		(26)		(0)
31		(31)		(1)
33		(33)		(2)
34		(34)		(3)
36		(36)		(4)
38		(38)		(5)
39		(39)		(6)
NULL

	stack A
nbr 	index		act_pos	
39		(39)		(6)
40		(40)		(7)
22		(22)		(8)
24		(24)		(9)
27		(27)		(10)
25		(25)		(11)
28		(28)		(12)
30		(30)		(13)
26		(26)		(0)
31		(31)		(1)
33		(33)		(2)
34		(34)		(3)
36		(36)		(4)
38		(38)		(5)
NULL

	stack A
nbr 	index		act_pos	
38		(38)		(5)
39		(39)		(6)
40		(40)		(7)
22		(22)		(8)
24		(24)		(9)
27		(27)		(10)
25		(25)		(11)
28		(28)		(12)
30		(30)		(13)
26		(26)		(0)
31		(31)		(1)
33		(33)		(2)
34		(34)		(3)
36		(36)		(4)
NULL

	stack A
nbr 	index		act_pos	
36		(36)		(4)
38		(38)		(5)
39		(39)		(6)
40		(40)		(7)
22		(22)		(8)
24		(24)		(9)
27		(27)		(10)
25		(25)		(11)
28		(28)		(12)
30		(30)		(13)
26		(26)		(0)
31		(31)		(1)
33		(33)		(2)
34		(34)		(3)
NULL

	stack A
nbr 	index		act_pos	
34		(34)		(3)
36		(36)		(4)
38		(38)		(5)
39		(39)		(6)
40		(40)		(7)
22		(22)		(8)
24		(24)		(9)
27		(27)		(10)
25		(25)		(11)
28		(28)		(12)
30		(30)		(13)
26		(26)		(0)
31		(31)		(1)
33		(33)		(2)
NULL

	stack A
nbr 	index		act_pos	
33		(33)		(2)
34		(34)		(3)
36		(36)		(4)
38		(38)		(5)
39		(39)		(6)
40		(40)		(7)
22		(22)		(8)
24rra
rra
rra
rra
rra
rra
rra
rra
rra
rra
pa
rra
rra
rra
rra
rra
rra
rra
		(24)		(9)
27		(27)		(10)
25		(25)		(11)
28		(28)		(12)
30		(30)		(13)
26		(26)		(0)
31		(31)		(1)
NULL

	stack A
nbr 	index		act_pos	
31		(31)		(1)
33		(33)		(2)
34		(34)		(3)
36		(36)		(4)
38		(38)		(5)
39		(39)		(6)
40		(40)		(7)
22		(22)		(8)
24		(24)		(9)
27		(27)		(10)
25		(25)		(11)
28		(28)		(12)
30		(30)		(13)
26		(26)		(0)
NULL

	stack A
nbr 	index		act_pos	
26		(26)		(0)
31		(31)		(1)
33		(33)		(2)
34		(34)		(3)
36		(36)		(4)
38		(38)		(5)
39		(39)		(6)
40		(40)		(7)
22		(22)		(8)
24		(24)		(9)
27		(27)		(10)
25		(25)		(11)
28		(28)		(12)
30		(30)		(13)
NULL

	stack A
nbr 	index		act_pos	
30		(30)		(13)
26		(26)		(0)
31		(31)		(1)
33		(33)		(2)
34		(34)		(3)
36		(36)		(4)
38		(38)		(5)
39		(39)		(6)
40		(40)		(7)
22		(22)		(8)
24		(24)		(9)
27		(27)		(10)
25		(25)		(11)
28		(28)		(12)
NULL

	stack A
nbr 	index		act_pos	
28		(28)		(12)
30		(30)		(13)
26		(26)		(0)
31		(31)		(1)
33		(33)		(2)
34		(34)		(3)
36		(36)		(4)
38		(38)		(5)
39		(39)		(6)
40		(40)		(7)
22		(22)		(8)
24		(24)		(9)
27		(27)		(10)
25		(25)		(11)
NULL

	stack A
nbr 	index		act_pos	
25		(25)		(11)
28		(28)		(12)
30		(30)		(13)
26		(26)		(0)
31		(31)		(1)
33		(33)		(2)
34		(34)		(3)
36		(36)		(4)
38		(38)		(5)
39		(39)		(6)
40		(40)		(7)
22		(22)		(8)
24		(24)		(9)
27		(27)		(10)
NULL

	stack A
nbr 	index		act_pos	
27		(27)		(10)
25		(25)		(11)
28		(28)		(12)
30		(30)		(13)
26		(26)		(0)
31		(31)		(1)
33		(33)		(2)
34		(34)		(3)
36		(36)		(4)
38		(38)		(5)
39		(39)		(6)
40		(40)		(7)
22		(22)		(8)
24		(24)		(9)
NULL

	stack A
nbr 	index		act_pos	
24		(24)		(9)
27		(27)		(10)
25		(25)		(11)
28		(28)		(12)
30		(30)		(13)
26		(26)		(0)
31		(31)		(1)
33		(33)		(2)
34		(34)		(3)
36		(36)		(4)
38		(38)		(5)
39		(39)		(6)
40		(40)		(7)
22		(22)		(8)
NULL

	stack A
nbr 	index		act_pos	
22		(22)		(8)
24		(24)		(9)
27		(27)		(10)
25		(25)		(11)
28		(28)		(12)
30		(30)		(13)
26		(26)		(0)
31		(31)		(1)
33		(33)		(2)
34		(34)		(3)
36		(36)		(4)
38		(38)		(5)
39		(39)		(6)
40		(40)		(7)
NULL

	stack A
nbr 	index		act_pos	
40		(40)		(7)
22		(22)		(8)
24		(24)		(9)
27		(27)		(10)
25		(25)		(11)
28		(28)		(12)
30		(30)		(13)
26		(26)		(0)
31		(31)		(1)
33		(33)		(2)
34		(34)		(3)
36		(36)		(4)
38		(38)		(5)
39		(39)		(6)
NULL

	stack A
nbr 	index		act_pos	
39		(39)		(6)
40		(40)		(7)
22		(22)		(8)
24		(24)		(9)
27		(27)		(10)
25		(25)		(11)
28		(28)		(12)
30		(30)		(13)
26		(26)		(0)
31		(31)		(1)
33		(33)		(2)
34		(34)		(3)
36		(36)		(4)
38		(38)		(5)
NULL

	stack A
nbr 	index		act_pos	
38		(38)		(14)
29		(29)		(0)
39		(39)		(1)
40		(40)		(2)
22		(22)		(3)
24		(24)		(4)
27		(27)		(5)
25		(25)		(6)
28		(28)		(7)
30		(30)		(8)
26		(26)		(9)
31		(31)		(10)
33		(33)		(11)
34		(34)		(12)
36		(36)		(13)
NULL

	stack A
nbr 	index		act_pos	
36		(36)		(13)
38		(38)		(14)
29		(29)		(0)
39		(39)		(1)
40		(40)		(2)
22		(22)		(3)
24		(24)		(4)
27		(27)		(5)
25		(25)		(6)
28		(28)		(7)
30		(30)		(8)
26		(26)		(9)
31		(31)		(10)
33		(33)		(11)
34		(34)		(12)
NULL

	stack A
nbr 	index		act_pos	
34		(34)		(12)
36		(36)		(13)
38		(38)		(14)
29		(29)		(0)
39		(39)		(1)
40		(40)		(2)
22		(22)		(3)
24		(24)		(4)
27		(27)		(5)
25		(25)		(6)
28		(28)		(7)
30		(30)		(8)
26		(26)		(9)
31		(31)		(10)
33		(33)		(11)
NULL

	stack A
nbr 	index		act_pos	
33		(33)		(11)
34		(34)		(12)
36		(36)		(13)
38		(38)		(14)
29		(29)		(0)
39		(39)		(1)
40		(40)		(2)
22		(22)		(3)
24		(24)		(4)
27		(27)		(5)
25		(25)		(6)
28		(28)		(7)
30		(30)		(8)
26		(26)		(9)
31		(31)		(10)
NULL

	stack A
nbr 	index		act_pos	
31		(31)		(10)
33		(33)		(11)
34		(34)		(12)
36		(36)		(13)
38		(38)		(14)
29		(29)		(0)
39		(39)		(1)
40		(40)		(2)
22		(22)		(3)
24		(24)		(4)
27		(27)		(5)
25		(25)		(6)
28		(28)		(7)
30		(30)		(8)
26		(26)		(9)
NULL

	stack A
nbr 	index		act_pos	
26		(26)		(9)
31		(31)		(10)
33		(33)		(11)
34		(34)		(12)
36		(36)		(13)
38		(38)		(14)
29		(29)		(0)
39		(39)		(1)
40		(40)		(2)
22		(22)		(3)
24		(24)		(4)
27		(27)		(5)
25		(25)		(6)
28		(28)		(7)
30		(30)		(8)
NULL

	stack A
nbr 	index		act_pos	
30		(30)		(8)
26		(26)		(9)
31		(31)		(10)
33		(33)		(11)
34		(34)		(12)
36		(36)		(13)
38		(38)		(14)
29		(29)		(0)
39		(39)		(1)
40		(40)		(2)
22		(22)		(3)
24		(24)		(4)
27		(27)		(5)
25		(25)		(6)
28		(28)		(7)
NULL
 rra
rra
rra
rra
rra
rra
rra
rra
rra
rra
rra
rra
rra
rra
rra
pa
rra
rra
	stack A
nbr 	index		act_pos	
28		(28)		(7)
30		(30)		(8)
26		(26)		(9)
31		(31)		(10)
33		(33)		(11)
34		(34)		(12)
36		(36)		(13)
38		(38)		(14)
29		(29)		(0)
39		(39)		(1)
40		(40)		(2)
22		(22)		(3)
24		(24)		(4)
27		(27)		(5)
25		(25)		(6)
NULL

	stack A
nbr 	index		act_pos	
25		(25)		(6)
28		(28)		(7)
30		(30)		(8)
26		(26)		(9)
31		(31)		(10)
33		(33)		(11)
34		(34)		(12)
36		(36)		(13)
38		(38)		(14)
29		(29)		(0)
39		(39)		(1)
40		(40)		(2)
22		(22)		(3)
24		(24)		(4)
27		(27)		(5)
NULL

	stack A
nbr 	index		act_pos	
27		(27)		(5)
25		(25)		(6)
28		(28)		(7)
30		(30)		(8)
26		(26)		(9)
31		(31)		(10)
33		(33)		(11)
34		(34)		(12)
36		(36)		(13)
38		(38)		(14)
29		(29)		(0)
39		(39)		(1)
40		(40)		(2)
22		(22)		(3)
24		(24)		(4)
NULL

	stack A
nbr 	index		act_pos	
24		(24)		(4)
27		(27)		(5)
25		(25)		(6)
28		(28)		(7)
30		(30)		(8)
26		(26)		(9)
31		(31)		(10)
33		(33)		(11)
34		(34)		(12)
36		(36)		(13)
38		(38)		(14)
29		(29)		(0)
39		(39)		(1)
40		(40)		(2)
22		(22)		(3)
NULL

	stack A
nbr 	index		act_pos	
22		(22)		(3)
24		(24)		(4)
27		(27)		(5)
25		(25)		(6)
28		(28)		(7)
30		(30)		(8)
26		(26)		(9)
31		(31)		(10)
33		(33)		(11)
34		(34)		(12)
36		(36)		(13)
38		(38)		(14)
29		(29)		(0)
39		(39)		(1)
40		(40)		(2)
NULL

	stack A
nbr 	index		act_pos	
40		(40)		(2)
22		(22)		(3)
24		(24)		(4)
27		(27)		(5)
25		(25)		(6)
28		(28)		(7)
30		(30)		(8)
26		(26)		(9)
31		(31)		(10)
33		(33)		(11)
34		(34)		(12)
36		(36)		(13)
38		(38)		(14)
29		(29)		(0)
39		(39)		(1)
NULL

	stack A
nbr 	index		act_pos	
39		(39)		(1)
40		(40)		(2)
22		(22)		(3)
24		(24)		(4)
27		(27)		(5)
25		(25)		(6)
28		(28)		(7)
30		(30)		(8)
26		(26)		(9)
31		(31)		(10)
33		(33)		(11)
34		(34)		(12)
36		(36)		(13)
38		(38)		(14)
29		(29)		(0)
NULL

	stack A
nbr 	index		act_pos	
29		(29)		(0)
39		(39)		(1)
40		(40)		(2)
22		(22)		(3)
24		(24)		(4)
27		(27)		(5)
25		(25)		(6)
28		(28)		(7)
30		(30)		(8)
26		(26)		(9)
31		(31)		(10)
33		(33)		(11)
34		(34)		(12)
36		(36)		(13)
38		(38)		(14)
NULL

	stack A
nbr 	index		act_pos	
38		(38)		(14)
29		(29)		(0)
39		(39)		(1)
40		(40)		(2)
22		(22)		(3)
24		(24)		(4)
27		(27)		(5)
25		(25)		(6)
28		(28)		(7)
30		(30)		(8)
26		(26)		(9)
31		(31)		(10)
33		(33)		(11)
34		(34)		(12)
36		(36)		(13)
NULL

	stack A
nbr 	index		act_pos	
36		(36)		(13)
38		(38)		(14)
29		(29)		(0)
39		(39)		(1)
40		(40)		(2)
22		(22)		(3)
24		(24)		(4)
27		(27)		(5)
25		(25)		(6)
28		(28)		(7)
30		(30)		(8)
26		(26)		(9)
31		(31)		(10)
33		(33)		(11)
34		(34)		(12)
NULL

	stack A
nbr 	index		act_pos	
34		(34)		(12)
36		(36)		(13)
38		(38)		(14)
29		(29)		(0)
39		(39)		(1)
40		(40)		(2)
22		(22)		(3)
24		(24)		(4)
27		(27)		(5)
25		(25)		(6)
28		(28)		(7)
30		(30)		(8)
26		(26)		(9)
31		(31)		(10)
33		(33)		(11)
NULL

	stack A
nbr 	index		act_pos	
33		(33)		(11)
34		(34)		(12)
36		(36)		(13)
38		(38)		(14)
29		(29)		(0)
39		(39)		(1)
40		(40)		(2)
22		(22)		(3)
24		(24)		(4)
27		(27)		(5)
25		(25)		(6)
28		(28)		(7)
30		(30)		(8)
26		(26)		(9)
31		(31)		(10)
NULL

	stack A
nbr 	index		act_pos	
31		(31)		(10)
33		(33)		(11)
34		(34)		(12)
36		(36)		(13)
38		(38)		(14)
29		(29)		(0)
39		(39)		(1)
40		(40)		(2)
22		(22)		(3)
24		(24)		(4)
27		(27)		(5)
25		(25)		(6)
28		(28)		(7)
30		(30)		(8)
26		(26)		(9)
NULL

	stack A
nbr 	index		act_pos	
26		(26)		(9)
31		(31)		(10)
33		(33)		(11)
34		(34)		(12)
36		(36)		(13)
38		(38)		(14)
29		(29)		(0)
39		(39)		(1)
40		(40)		(2)
22		(22)		(3)
24		(24)		(4)
27		(27)		(5)
25		(25)		(6)
28		(28)		(7)
30		(30)		(8)
NULL

	stack A
nbr 	index		act_pos	
30		(30)		(8)
26		(26)		(9)
31		(31)		(10)
33		(33)		(11)
34		(34)		(12)
36		(36)		(13)
38		(38)		(14)
29		(29)		(0)
39		(39)		(1)
40		(40)		(2)
22		(22)		(3)
24		(24)		(4)
27		(27)		(5)
25		(25)		(6)
28		(28)		(7)
NULL

	stack A
nbr 	index		act_pos	
28		(28)		(15)
21		(21)		(0)
30		(30)		(1)
26		(26)		(2)
31		(31)		(3)
33		(33)		(4)
34		(34)		(5)
36		(36)		(6)
38		(38)		(7)
29		(29)		(8)
39		(39)		(9)
40		(40)		(10)
22		(22)		(11)
24		(24)		(12)
27		(27)		(13)
25		(25)		(14)
NULL

	stack A
nbr 	index		act_pos	
25		(25)		(14)
28		(28)		(15)
21		(21)		(0)
30		(30)		(1)
26		(26)		(2)
31		(31)		(3)
33		(33)		(4)
34		(34)		(5)
36		(36)		(6)
38		(38)		(7)
29		(29)		(8)
39 rra
rra
rra
rra
rra
rra
rra
rra
rra
rra
rra
rra
rra
rra
rra
rra
[0m		(39)		(9)
40		(40)		(10)
22		(22)		(11)
24		(24)		(12)
27		(27)		(13)
NULL

	stack A
nbr 	index		act_pos	
27		(27)		(13)
25		(25)		(14)
28		(28)		(15)
21		(21)		(0)
30		(30)		(1)
26		(26)		(2)
31		(31)		(3)
33		(33)		(4)
34		(34)		(5)
36		(36)		(6)
38		(38)		(7)
29		(29)		(8)
39		(39)		(9)
40		(40)		(10)
22		(22)		(11)
24		(24)		(12)
NULL

	stack A
nbr 	index		act_pos	
24		(24)		(12)
27		(27)		(13)
25		(25)		(14)
28		(28)		(15)
21		(21)		(0)
30		(30)		(1)
26		(26)		(2)
31		(31)		(3)
33		(33)		(4)
34		(34)		(5)
36		(36)		(6)
38		(38)		(7)
29		(29)		(8)
39		(39)		(9)
40		(40)		(10)
22		(22)		(11)
NULL

	stack A
nbr 	index		act_pos	
22		(22)		(11)
24		(24)		(12)
27		(27)		(13)
25		(25)		(14)
28		(28)		(15)
21		(21)		(0)
30		(30)		(1)
26		(26)		(2)
31		(31)		(3)
33		(33)		(4)
34		(34)		(5)
36		(36)		(6)
38		(38)		(7)
29		(29)		(8)
39		(39)		(9)
40		(40)		(10)
NULL

	stack A
nbr 	index		act_pos	
40		(40)		(10)
22		(22)		(11)
24		(24)		(12)
27		(27)		(13)
25		(25)		(14)
28		(28)		(15)
21		(21)		(0)
30		(30)		(1)
26		(26)		(2)
31		(31)		(3)
33		(33)		(4)
34		(34)		(5)
36		(36)		(6)
38		(38)		(7)
29		(29)		(8)
39		(39)		(9)
NULL

	stack A
nbr 	index		act_pos	
39		(39)		(9)
40		(40)		(10)
22		(22)		(11)
24		(24)		(12)
27		(27)		(13)
25		(25)		(14)
28		(28)		(15)
21		(21)		(0)
30		(30)		(1)
26		(26)		(2)
31		(31)		(3)
33		(33)		(4)
34		(34)		(5)
36		(36)		(6)
38		(38)		(7)
29		(29)		(8)
NULL

	stack A
nbr 	index		act_pos	
29		(29)		(8)
39		(39)		(9)
40		(40)		(10)
22		(22)		(11)
24		(24)		(12)
27		(27)		(13)
25		(25)		(14)
28		(28)		(15)
21		(21)		(0)
30		(30)		(1)
26		(26)		(2)
31		(31)		(3)
33		(33)		(4)
34		(34)		(5)
36		(36)		(6)
38		(38)		(7)
NULL

	stack A
nbr 	index		act_pos	
38		(38)		(7)
29		(29)		(8)
39		(39)		(9)
40		(40)		(10)
22		(22)		(11)
24		(24)		(12)
27		(27)		(13)
25		(25)		(14)
28		(28)		(15)
21		(21)		(0)
30		(30)		(1)
26		(26)		(2)
31		(31)		(3)
33		(33)		(4)
34		(34)		(5)
36		(36)		(6)
NULL

	stack A
nbr 	index		act_pos	
36		(36)		(6)
38		(38)		(7)
29		(29)		(8)
39		(39)		(9)
40		(40)		(10)
22		(22)		(11)
24		(24)		(12)
27		(27)		(13)
25		(25)		(14)
28		(28)		(15)
21		(21)		(0)
30		(30)		(1)
26		(26)		(2)
31		(31)		(3)
33		(33)		(4)
34		(34)		(5)
NULL

	stack A
nbr 	index		act_pos	
34		(34)		(5)
36		(36)		(6)
38		(38)		(7)
29		(29)		(8)
39		(39)		(9)
40		(40)		(10)
22		(22)		(11)
24		(24)		(12)
27		(27)		(13)
25		(25)		(14)
28		(28)		(15)
21		(21)		(0)
30		(30)		(1)
26		(26)		(2)
31		(31)		(3)
33		(33)		(4)
NULL

	stack A
nbr 	index		act_pos	
33		(33)		(4)
34		(34)		(5)
36		(36)		(6)
38		(38)		(7)
29		(29)		(8)
39		(39)		(9)
40		(40)		(10)
22		(22)		(11)
24		(24)		(12)
27		(27)		(13)
25		(25)		(14)
28		(28)		(15)
21		(21)		(0)
30		(30)		(1)
26		(26)		(2)
31		(31)		(3)
NULL

	stack A
nbr 	index		act_pos	
31		(31)		(3)
33		(33)		(4)
34		(34)		(5)
36		(36)		(6)
38		(38)		(7)
29		(29)		(8)
39		(39)		(9)
40		(40)		(10)
22		(22)		(11)
24		(24)		(12)
27		(27)		(13)
25		(25)		(14)
28		(28)		(15)
21		(21)		(0)
30		(30)		(1)
26		(26)		(2)
NULL

	stack A
nbr 	index		act_pos	
26		(26)		(2)
31		(31)		(3)
33		(33)		(4)
34		(34)		(5)
36		(36)		(6)
38		(38)		(7)
29		(29)		(8)
39		(39)		(9)
40		(40)		(10)
22		(22)		(11)
24		(24)		(12)
27		(27)		(13)
25		(25)		(14)
28		(28)		(15)
21		(21)		(0)
30		(30)		(1)
NULL

	stack A
nbr 	index		act_pos	
30		(30)		(1)
26		(26)		(2)
31		(31)		(3)
33		(33)		(4)
34		(34)		(5)
36		(36)		(6)
38		(38)		(7)
29		(29)		(8)
39		(39)		(9)
40		(40)		(10)
22		(22)		(11)
24		(24)		(12)
27		(27)		(13)
25		(25)		(14)
28		(28)		(15)
21		(21)		(0)
NULL

	stack A
nbr 	index		act_pos	
21		(21)		(0)
30		(30)		(1)
26		(26)		(2)
31		(31)		(3)
33		(33)		(4)
34		(34)		(5)
36		(36)		(6)
38		(38)		(7)
29		(29)		(8)
39		(39)		(9)
40		(40)		(10)
22		(22)		(11)
24		(24)		(12)
27		(27)		(13)
25		(25)		(14)
28		(28)		(15)
NULL

	stack A
nbr 	index		act_pos	
28		(28)		(15)
21		(21)		(0)
30		(30)		(1)
26		(26)		(2)
31		(31)		(3)
33		(33)		(4)
34		(34)		(5)
36		(36)		(6)
38		(38)		(7)
29		(29)		(8)
39		(39)		(9)
40		(40)		(10)
22		(22)		(11)
24		(24)		(12)
27		(27)		(13)
25		(25)		(14)
NULL

	stack A
nbr 	index		act_pos	
25		(25)		(14)
28		(28)		(15)
21		(21)		(0)
30		(30)		(1)
26		(26)		(2)
31		(31)		(3)
33		(33)		(4)
34		(34)		(5)
36		(36)		(6)
[0;44;rra
rra
rra
rra
pa
rra
rra
rra
rra
rra
rra
rra
rra
rra
rra
rra
30m 38		(38)		(7)
29		(29)		(8)
39		(39)		(9)
40		(40)		(10)
22		(22)		(11)
24		(24)		(12)
27		(27)		(13)
NULL

	stack A
nbr 	index		act_pos	
27		(27)		(13)
25		(25)		(14)
28		(28)		(15)
21		(21)		(0)
30		(30)		(1)
26		(26)		(2)
31		(31)		(3)
33		(33)		(4)
34		(34)		(5)
36		(36)		(6)
38		(38)		(7)
29		(29)		(8)
39		(39)		(9)
40		(40)		(10)
22		(22)		(11)
24		(24)		(12)
NULL

	stack A
nbr 	index		act_pos	
24		(24)		(12)
27		(27)		(13)
25		(25)		(14)
28		(28)		(15)
21		(21)		(0)
30		(30)		(1)
26		(26)		(2)
31		(31)		(3)
33		(33)		(4)
34		(34)		(5)
36		(36)		(6)
38		(38)		(7)
29		(29)		(8)
39		(39)		(9)
40		(40)		(10)
22		(22)		(11)
NULL

	stack A
nbr 	index		act_pos	
22		(22)		(11)
24		(24)		(12)
27		(27)		(13)
25		(25)		(14)
28		(28)		(15)
21		(21)		(0)
30		(30)		(1)
26		(26)		(2)
31		(31)		(3)
33		(33)		(4)
34		(34)		(5)
36		(36)		(6)
38		(38)		(7)
29		(29)		(8)
39		(39)		(9)
40		(40)		(10)
NULL

	stack A
nbr 	index		act_pos	
40		(40)		(10)
22		(22)		(11)
24		(24)		(12)
27		(27)		(13)
25		(25)		(14)
28		(28)		(15)
21		(21)		(0)
30		(30)		(1)
26		(26)		(2)
31		(31)		(3)
33		(33)		(4)
34		(34)		(5)
36		(36)		(6)
38		(38)		(7)
29		(29)		(8)
39		(39)		(9)
NULL

	stack A
nbr 	index		act_pos	
39		(39)		(16)
23		(23)		(0)
40		(40)		(1)
22		(22)		(2)
24		(24)		(3)
27		(27)		(4)
25		(25)		(5)
28		(28)		(6)
21		(21)		(7)
30		(30)		(8)
26		(26)		(9)
31		(31)		(10)
33		(33)		(11)
34		(34)		(12)
36		(36)		(13)
38		(38)		(14)
29		(29)		(15)
NULL

	stack A
nbr 	index		act_pos	
29		(29)		(15)
39		(39)		(16)
23		(23)		(0)
40		(40)		(1)
22		(22)		(2)
24		(24)		(3)
27		(27)		(4)
25		(25)		(5)
28		(28)		(6)
21		(21)		(7)
30		(30)		(8)
26		(26)		(9)
31		(31)		(10)
33		(33)		(11)
34		(34)		(12)
36		(36)		(13)
38		(38)		(14)
NULL

	stack A
nbr 	index		act_pos	
38		(38)		(14)
29		(29)		(15)
39		(39)		(16)
23		(23)		(0)
40		(40)		(1)
22		(22)		(2)
24		(24)		(3)
27		(27)		(4)
25		(25)		(5)
28		(28)		(6)
21		(21)		(7)
30		(30)		(8)
26		(26)		(9)
31		(31)		(10)
33		(33)		(11)
34		(34)		(12)
36		(36)		(13)
NULL

	stack A
nbr 	index		act_pos	
36		(36)		(13)
38		(38)		(14)
29		(29)		(15)
39		(39)		(16)
23		(23)		(0)
40		(40)		(1)
22		(22)		(2)
24		(24)		(3)
27		(27)		(4)
25		(25)		(5)
28		(28)		(6)
21		(21)		(7)
30		(30)		(8)
26		(26)		(9)
31		(31)		(10)
33		(33)		(11)
34		(34)		(12)
NULL

	stack A
nbr 	index		act_pos	
34		(34)		(12)
36		(36)		(13)
38		(38)		(14)
29		(29)		(15)
39		(39)		(16)
23		(23)		(0)
40		(40)		(1)
22		(22)		(2)
24		(24)		(3)
27		(27)		(4)
25		(25)		(5)
28		(28)		(6)
21		(21)		(7)
30		(30)		(8)
26		(26)		(9)
31		(31)		(10)
33		(33)		(11)
NULL

	stack A
nbr 	index		act_pos	
33		(33)		(11)
34		(34)		(12)
36		(36)		(13)
38		(38)		(14)
29		(29)		(15)
39		(39)		(16)
23		(23)		(0)
40		(40)		(1)
22		(22)		(2)
24		(24)		(3)
27		(27)		(4)
25		(25)		(5)
28		(28)		(6)
21		(21)		(7)
30		(30)		(8)
26		(26)		(9)
31		(31)		(10)
NULL

	stack A
nbr 	index		act_pos	
31		(31)		(10)
33		(33)		(11)
34		(34)		(12)
36		(36)		(13)
38		(38)		(14)
29		(29)		(15)
39		(39)		(16)
23		(23)		(0)
40		(40)		(1)
22		(22)		(2)
24		(24)		(3)
27		(27)		(4)
25		(25)		(5)
28		(28)		(6)
21		(21)		(7)
30		(30)		(8)
26		(26)		(9)
NULL

	stack A
nbr 	index		act_pos	
26		(26)		(9)
31		(31)		(10)
33		(33)		(11)
34		(34)		(12)
36		(36)		(13)
38		(38)		(14)
29		(29)		(15)
39		(39)		(16)
23		(23)		(0)
40		(40)		(1)
22		(22)		(2)
24		(24)		(3)
27		(27)		(4)
25		(25)		(5)
28		(28)		(6)
21		(21)		(7)
30		(30)		(8)
NULL

	stack A
nbr 	index		act_pos	
30		(30)		(8)
26		(26)		(9)
31		(31)		(10)
33		(33)		(11)
34		(34)		(12)
36		(36)		(13)
38		(38)		(14)
29		(29)		(15)
39		(39)		(16)
23		(23)		(0)
40		(40)		(1)
22		(22)		(2)
24		(24)		(3)
27		(27)		(4)
25		(25)		(5)
28		(28)		(6)
21		(21)		(7)
NULL

	stack A
nbr 	index		act_pos	
21		(21)		(7)
30		(30)		(8)
26		(26)		(9)
31		(31)		(10)
33		(33)		(11)
34		(34)		(12)
36		(36)		(13)
38		(38)		(14)
29		(29)		(15)
39		(39)		(16)
23		(23)		(0)
40		(40)		(1)
22		(22)		(2)
24		(24)		(3)
27		(27)		(4)
25		(25)		(5)
28		(28)		(6)
NULL

	stack A
nbr 	index		act_pos	
28		(28)		(6)
21		(21)		(7)
30		(30)		(8)
26		(26)		(9)
31		(31)		(10)
33		(33)		(11)
34		(34)		(12)
36		(36)		(13)
38		(38)		(14)
29		(29)		(15)
39		(39)		(16)
23		(23)		(0)
40		(40)		(1)
22		(22)		(2)
24		(24)	rra
rra
rra
rra
rra
rra
rra
rra
rra
rra
rra
pa
rra
rra
rra
rra
	(3)
27		(27)		(4)
25		(25)		(5)
NULL

	stack A
nbr 	index		act_pos	
25		(25)		(5)
28		(28)		(6)
21		(21)		(7)
30		(30)		(8)
26		(26)		(9)
31		(31)		(10)
33		(33)		(11)
34		(34)		(12)
36		(36)		(13)
38		(38)		(14)
29		(29)		(15)
39		(39)		(16)
23		(23)		(0)
40		(40)		(1)
22		(22)		(2)
24		(24)		(3)
27		(27)		(4)
NULL

	stack A
nbr 	index		act_pos	
27		(27)		(4)
25		(25)		(5)
28		(28)		(6)
21		(21)		(7)
30		(30)		(8)
26		(26)		(9)
31		(31)		(10)
33		(33)		(11)
34		(34)		(12)
36		(36)		(13)
38		(38)		(14)
29		(29)		(15)
39		(39)		(16)
23		(23)		(0)
40		(40)		(1)
22		(22)		(2)
24		(24)		(3)
NULL

	stack A
nbr 	index		act_pos	
24		(24)		(3)
27		(27)		(4)
25		(25)		(5)
28		(28)		(6)
21		(21)		(7)
30		(30)		(8)
26		(26)		(9)
31		(31)		(10)
33		(33)		(11)
34		(34)		(12)
36		(36)		(13)
38		(38)		(14)
29		(29)		(15)
39		(39)		(16)
23		(23)		(0)
40		(40)		(1)
22		(22)		(2)
NULL

	stack A
nbr 	index		act_pos	
22		(22)		(2)
24		(24)		(3)
27		(27)		(4)
25		(25)		(5)
28		(28)		(6)
21		(21)		(7)
30		(30)		(8)
26		(26)		(9)
31		(31)		(10)
33		(33)		(11)
34		(34)		(12)
36		(36)		(13)
38		(38)		(14)
29		(29)		(15)
39		(39)		(16)
23		(23)		(0)
40		(40)		(1)
NULL

	stack A
nbr 	index		act_pos	
40		(40)		(1)
22		(22)		(2)
24		(24)		(3)
27		(27)		(4)
25		(25)		(5)
28		(28)		(6)
21		(21)		(7)
30		(30)		(8)
26		(26)		(9)
31		(31)		(10)
33		(33)		(11)
34		(34)		(12)
36		(36)		(13)
38		(38)		(14)
29		(29)		(15)
39		(39)		(16)
23		(23)		(0)
NULL

	stack A
nbr 	index		act_pos	
23		(23)		(0)
40		(40)		(1)
22		(22)		(2)
24		(24)		(3)
27		(27)		(4)
25		(25)		(5)
28		(28)		(6)
21		(21)		(7)
30		(30)		(8)
26		(26)		(9)
31		(31)		(10)
33		(33)		(11)
34		(34)		(12)
36		(36)		(13)
38		(38)		(14)
29		(29)		(15)
39		(39)		(16)
NULL

	stack A
nbr 	index		act_pos	
39		(39)		(16)
23		(23)		(0)
40		(40)		(1)
22		(22)		(2)
24		(24)		(3)
27		(27)		(4)
25		(25)		(5)
28		(28)		(6)
21		(21)		(7)
30		(30)		(8)
26		(26)		(9)
31		(31)		(10)
33		(33)		(11)
34		(34)		(12)
36		(36)		(13)
38		(38)		(14)
29		(29)		(15)
NULL

	stack A
nbr 	index		act_pos	
29		(29)		(15)
39		(39)		(16)
23		(23)		(0)
40		(40)		(1)
22		(22)		(2)
24		(24)		(3)
27		(27)		(4)
25		(25)		(5)
28		(28)		(6)
21		(21)		(7)
30		(30)		(8)
26		(26)		(9)
31		(31)		(10)
33		(33)		(11)
34		(34)		(12)
36		(36)		(13)
38		(38)		(14)
NULL

	stack A
nbr 	index		act_pos	
38		(38)		(14)
29		(29)		(15)
39		(39)		(16)
23		(23)		(0)
40		(40)		(1)
22		(22)		(2)
24		(24)		(3)
27		(27)		(4)
25		(25)		(5)
28		(28)		(6)
21		(21)		(7)
30		(30)		(8)
26		(26)		(9)
31		(31)		(10)
33		(33)		(11)
34		(34)		(12)
36		(36)		(13)
NULL

	stack A
nbr 	index		act_pos	
36		(36)		(13)
38		(38)		(14)
29		(29)		(15)
39		(39)		(16)
23		(23)		(0)
40		(40)		(1)
22		(22)		(2)
24		(24)		(3)
27		(27)		(4)
25		(25)		(5)
28		(28)		(6)
21		(21)		(7)
30		(30)		(8)
26		(26)		(9)
31		(31)		(10)
33		(33)		(11)
34		(34)		(12)
NULL

	stack A
nbr 	index		act_pos	
34		(34)		(12)
36		(36)		(13)
38		(38)		(14)
29		(29)		(15)
39		(39)		(16)
23		(23)		(0)
40		(40)		(1)
22		(22)		(2)
24		(24)		(3)
27		(27)		(4)
25		(25)		(5)
28		(28)		(6)
21		(21)		(7)
30		(30)		(8)
26		(26)		(9)
31		(31)		(10)
33		(33)		(11)
NULL

	stack A
nbr 	index		act_pos	
33		(33)		(17)
14		(14)		(0)
34		(34)		(1)
36		(36)		(2)
38		(38)		(3)
29		(29)		(4)
39		(39)		(5)
23		(23)		(6)
40		(40)		(7)
22		(22)		(8)
24		(24)		(9)
27		(27)		(10)
25		(25)		(11)
28		(28)		(12)
21		(21)		(13)
30		(30)		(14)
26		(26)		(15)
31		(31)		(16)
NULL

	stack A
nbr 	index		act_pos	
31		(31)		(16)
33		(33)		(17)
14		(14)		(0)
34		(34)		(1)
36		(36)		(2)
38		(38)		(3)
29		(29)		(4)
39		(39)		(5)
23		(23)		(6)
40		(40)		(7)
22		(22)		(8)
24		(24)		(9)
27		(27)		(10)
25		(25)		(11)
28		(28)		(12)
21		(21)		(13)
30		(30)		(14)
26		(26)		(15)
NULL

	stack A
nbr 	index		act_pos	
26		(26)		(15)
31		(31)		(16)
33		(33)		(17)
14		(14)		(0)
34		(34)		(1)
36		(36)		(2)
38		(38)		(3)
29		(29)		(4)
39		(39)		(5)
23		(23)		(6)
40		(40)		(7)
22		(22)		(8)
24		(24)		(9)
27		(27)		(10)
25		(25)		(11)
28		(28)		(12)
21		(21)		(13)
30		(30)		(14)
NULL

	stack A
nbr 	index		act_pos	
30		(30)		(14)
26		(26)		(15)
31		(31)		(16)
33		(33)		(17)
14		(14)		(0)
34		(34)		(1)
36		(36)		(2)
38		(38)		(3)
29		(29)		(4)
39		(39)		(5)
23		(23)		(6)
40		(40)		(7)
22rra
rra
rra
rra
rra
rra
rra
rra
rra
rra
rra
rra
rra
rra
		(22)		(8)
24		(24)		(9)
27		(27)		(10)
25		(25)		(11)
28		(28)		(12)
21		(21)		(13)
NULL

	stack A
nbr 	index		act_pos	
21		(21)		(13)
30		(30)		(14)
26		(26)		(15)
31		(31)		(16)
33		(33)		(17)
14		(14)		(0)
34		(34)		(1)
36		(36)		(2)
38		(38)		(3)
29		(29)		(4)
39		(39)		(5)
23		(23)		(6)
40		(40)		(7)
22		(22)		(8)
24		(24)		(9)
27		(27)		(10)
25		(25)		(11)
28		(28)		(12)
NULL

	stack A
nbr 	index		act_pos	
28		(28)		(12)
21		(21)		(13)
30		(30)		(14)
26		(26)		(15)
31		(31)		(16)
33		(33)		(17)
14		(14)		(0)
34		(34)		(1)
36		(36)		(2)
38		(38)		(3)
29		(29)		(4)
39		(39)		(5)
23		(23)		(6)
40		(40)		(7)
22		(22)		(8)
24		(24)		(9)
27		(27)		(10)
25		(25)		(11)
NULL

	stack A
nbr 	index		act_pos	
25		(25)		(11)
28		(28)		(12)
21		(21)		(13)
30		(30)		(14)
26		(26)		(15)
31		(31)		(16)
33		(33)		(17)
14		(14)		(0)
34		(34)		(1)
36		(36)		(2)
38		(38)		(3)
29		(29)		(4)
39		(39)		(5)
23		(23)		(6)
40		(40)		(7)
22		(22)		(8)
24		(24)		(9)
27		(27)		(10)
NULL

	stack A
nbr 	index		act_pos	
27		(27)		(10)
25		(25)		(11)
28		(28)		(12)
21		(21)		(13)
30		(30)		(14)
26		(26)		(15)
31		(31)		(16)
33		(33)		(17)
14		(14)		(0)
34		(34)		(1)
36		(36)		(2)
38		(38)		(3)
29		(29)		(4)
39		(39)		(5)
23		(23)		(6)
40		(40)		(7)
22		(22)		(8)
24		(24)		(9)
NULL

	stack A
nbr 	index		act_pos	
24		(24)		(9)
27		(27)		(10)
25		(25)		(11)
28		(28)		(12)
21		(21)		(13)
30		(30)		(14)
26		(26)		(15)
31		(31)		(16)
33		(33)		(17)
14		(14)		(0)
34		(34)		(1)
36		(36)		(2)
38		(38)		(3)
29		(29)		(4)
39		(39)		(5)
23		(23)		(6)
40		(40)		(7)
22		(22)		(8)
NULL

	stack A
nbr 	index		act_pos	
22		(22)		(8)
24		(24)		(9)
27		(27)		(10)
25		(25)		(11)
28		(28)		(12)
21		(21)		(13)
30		(30)		(14)
26		(26)		(15)
31		(31)		(16)
33		(33)		(17)
14		(14)		(0)
34		(34)		(1)
36		(36)		(2)
38		(38)		(3)
29		(29)		(4)
39		(39)		(5)
23		(23)		(6)
40		(40)		(7)
NULL

	stack A
nbr 	index		act_pos	
40		(40)		(7)
22		(22)		(8)
24		(24)		(9)
27		(27)		(10)
25		(25)		(11)
28		(28)		(12)
21		(21)		(13)
30		(30)		(14)
26		(26)		(15)
31		(31)		(16)
33		(33)		(17)
14		(14)		(0)
34		(34)		(1)
36		(36)		(2)
38		(38)		(3)
29		(29)		(4)
39		(39)		(5)
23		(23)		(6)
NULL

	stack A
nbr 	index		act_pos	
23		(23)		(6)
40		(40)		(7)
22		(22)		(8)
24		(24)		(9)
27		(27)		(10)
25		(25)		(11)
28		(28)		(12)
21		(21)		(13)
30		(30)		(14)
26		(26)		(15)
31		(31)		(16)
33		(33)		(17)
14		(14)		(0)
34		(34)		(1)
36		(36)		(2)
38		(38)		(3)
29		(29)		(4)
39		(39)		(5)
NULL

	stack A
nbr 	index		act_pos	
39		(39)		(5)
23		(23)		(6)
40		(40)		(7)
22		(22)		(8)
24		(24)		(9)
27		(27)		(10)
25		(25)		(11)
28		(28)		(12)
21		(21)		(13)
30		(30)		(14)
26		(26)		(15)
31		(31)		(16)
33		(33)		(17)
14		(14)		(0)
34		(34)		(1)
36		(36)		(2)
38		(38)		(3)
29		(29)		(4)
NULL

	stack A
nbr 	index		act_pos	
29		(29)		(4)
39		(39)		(5)
23		(23)		(6)
40		(40)		(7)
22		(22)		(8)
24		(24)		(9)
27		(27)		(10)
25		(25)		(11)
28		(28)		(12)
21		(21)		(13)
30		(30)		(14)
26		(26)		(15)
31		(31)		(16)
33		(33)		(17)
14		(14)		(0)
34		(34)		(1)
36		(36)		(2)
38		(38)		(3)
NULL

	stack A
nbr 	index		act_pos	
38		(38)		(3)
29		(29)		(4)
39		(39)		(5)
23		(23)		(6)
40		(40)		(7)
22		(22)		(8)
24		(24)		(9)
27		(27)		(10)
25		(25)		(11)
28		(28)		(12)
21		(21)		(13)
30		(30)		(14)
26		(26)		(15)
31		(31)		(16)
33		(33)		(17)
14		(14)		(0)
34		(34)		(1)
36		(36)		(2)
NULL

	stack A
nbr 	index		act_pos	
36		(36)		(2)
38		(38)		(3)
29		(29)		(4)
39		(39)		(5)
23		(23)		(6)
40		(40)		(7)
22		(22)		(8)
24		(24)		(9)
27		(27)		(10)
25		(25)		(11)
28		(28)		(12)
21		(21)		(13)
30		(30)		(14)
26		(26)		(15)
31		(31)		(16)
33		(33)		(17)
14		(14)		(0)
34		(34)		(1)
NULL

	stack A
nbr 	index		act_pos	
34		(34)		(1)
36		(36)		(2)
38		(38)		(3)
29		(29)		(4)
39		(39)		(5)
23		(23)		(6)
40		(40)		(7)
22		(22)		(8)
24		(24)		(9)
27		(27)		(10)
25		(25)		(11)
28		(28)		(12)
21		(21)		(13)
30		(30)		(14)
26		(26)		(15)
31		(31)		(16)
33		(33)		(17)
14		(14)		(0)
NULL

	stack A
nbr 	index		act_pos	
14		(14)		(0)
34		(34)		(1)
36		(36)		(2)
38		(38)		(3)
29		(29)		(4)
39		(39)		(5)
23		(23)		(6)
40		(40)		(7)
22		(22)		(8)
24		(24)		(9)
27		(27)		(10)
25		(25)		(11)
28		(28)		(12)
21		(21)		(13)
30		(30)		(14)
26		(26)		(15)
31		(31)		(16)
33		(33)		(1rra
rra
rra
rra
pa
rra
rra
rra
rra
rra
rra
rra
rra
rra
rra
7)
NULL

	stack A
nbr 	index		act_pos	
33		(33)		(17)
14		(14)		(0)
34		(34)		(1)
36		(36)		(2)
38		(38)		(3)
29		(29)		(4)
39		(39)		(5)
23		(23)		(6)
40		(40)		(7)
22		(22)		(8)
24		(24)		(9)
27		(27)		(10)
25		(25)		(11)
28		(28)		(12)
21		(21)		(13)
30		(30)		(14)
26		(26)		(15)
31		(31)		(16)
NULL

	stack A
nbr 	index		act_pos	
31		(31)		(16)
33		(33)		(17)
14		(14)		(0)
34		(34)		(1)
36		(36)		(2)
38		(38)		(3)
29		(29)		(4)
39		(39)		(5)
23		(23)		(6)
40		(40)		(7)
22		(22)		(8)
24		(24)		(9)
27		(27)		(10)
25		(25)		(11)
28		(28)		(12)
21		(21)		(13)
30		(30)		(14)
26		(26)		(15)
NULL

	stack A
nbr 	index		act_pos	
26		(26)		(15)
31		(31)		(16)
33		(33)		(17)
14		(14)		(0)
34		(34)		(1)
36		(36)		(2)
38		(38)		(3)
29		(29)		(4)
39		(39)		(5)
23		(23)		(6)
40		(40)		(7)
22		(22)		(8)
24		(24)		(9)
27		(27)		(10)
25		(25)		(11)
28		(28)		(12)
21		(21)		(13)
30		(30)		(14)
NULL

	stack A
nbr 	index		act_pos	
30		(30)		(14)
26		(26)		(15)
31		(31)		(16)
33		(33)		(17)
14		(14)		(0)
34		(34)		(1)
36		(36)		(2)
38		(38)		(3)
29		(29)		(4)
39		(39)		(5)
23		(23)		(6)
40		(40)		(7)
22		(22)		(8)
24		(24)		(9)
27		(27)		(10)
25		(25)		(11)
28		(28)		(12)
21		(21)		(13)
NULL

	stack A
nbr 	index		act_pos	
21		(21)		(18)
20		(20)		(0)
30		(30)		(1)
26		(26)		(2)
31		(31)		(3)
33		(33)		(4)
14		(14)		(5)
34		(34)		(6)
36		(36)		(7)
38		(38)		(8)
29		(29)		(9)
39		(39)		(10)
23		(23)		(11)
40		(40)		(12)
22		(22)		(13)
24		(24)		(14)
27		(27)		(15)
25		(25)		(16)
28		(28)		(17)
NULL

	stack A
nbr 	index		act_pos	
28		(28)		(17)
21		(21)		(18)
20		(20)		(0)
30		(30)		(1)
26		(26)		(2)
31		(31)		(3)
33		(33)		(4)
14		(14)		(5)
34		(34)		(6)
36		(36)		(7)
38		(38)		(8)
29		(29)		(9)
39		(39)		(10)
23		(23)		(11)
40		(40)		(12)
22		(22)		(13)
24		(24)		(14)
27		(27)		(15)
25		(25)		(16)
NULL

	stack A
nbr 	index		act_pos	
25		(25)		(16)
28		(28)		(17)
21		(21)		(18)
20		(20)		(0)
30		(30)		(1)
26		(26)		(2)
31		(31)		(3)
33		(33)		(4)
14		(14)		(5)
34		(34)		(6)
36		(36)		(7)
38		(38)		(8)
29		(29)		(9)
39		(39)		(10)
23		(23)		(11)
40		(40)		(12)
22		(22)		(13)
24		(24)		(14)
27		(27)		(15)
NULL

	stack A
nbr 	index		act_pos	
27		(27)		(15)
25		(25)		(16)
28		(28)		(17)
21		(21)		(18)
20		(20)		(0)
30		(30)		(1)
26		(26)		(2)
31		(31)		(3)
33		(33)		(4)
14		(14)		(5)
34		(34)		(6)
36		(36)		(7)
38		(38)		(8)
29		(29)		(9)
39		(39)		(10)
23		(23)		(11)
40		(40)		(12)
22		(22)		(13)
24		(24)		(14)
NULL

	stack A
nbr 	index		act_pos	
24		(24)		(14)
27		(27)		(15)
25		(25)		(16)
28		(28)		(17)
21		(21)		(18)
20		(20)		(0)
30		(30)		(1)
26		(26)		(2)
31		(31)		(3)
33		(33)		(4)
14		(14)		(5)
34		(34)		(6)
36		(36)		(7)
38		(38)		(8)
29		(29)		(9)
39		(39)		(10)
23		(23)		(11)
40		(40)		(12)
22		(22)		(13)
NULL

	stack A
nbr 	index		act_pos	
22		(22)		(13)
24		(24)		(14)
27		(27)		(15)
25		(25)		(16)
28		(28)		(17)
21		(21)		(18)
20		(20)		(0)
30		(30)		(1)
26		(26)		(2)
31		(31)		(3)
33		(33)		(4)
14		(14)		(5)
34		(34)		(6)
36		(36)		(7)
38		(38)		(8)
29		(29)		(9)
39		(39)		(10)
23		(23)		(11)
40		(40)		(12)
NULL

	stack A
nbr 	index		act_pos	
40		(40)		(12)
22		(22)		(13)
24		(24)		(14)
27		(27)		(15)
25		(25)		(16)
28		(28)		(17)
21		(21)		(18)
20		(20)		(0)
30		(30)		(1)
26		(26)		(2)
31		(31)		(3)
33		(33)		(4)
14		(14)		(5)
34		(34)		(6)
36		(36)		(7)
38		(38)		(8)
29		(29)		(9)
39		(39)		(10)
23		(23)		(11)
NULL

	stack A
nbr 	index		act_pos	
23		(23)		(11)
40		(40)		(12)
22		(22)		(13)
24		(24)		(14)
27		(27)		(15)
25		(25)		(16)
28		(28)		(17)
21		(21)		(18)
20		(20)		(0)
30		(30)		(1)
26		(26)		(2)
31		(31)		(3)
33		(33)		(4)
14		(14)		(5)
34		(34)		(6)
36		(36)		(7)
38		(38)		(8)
29		(29)		(9)
39		(39)		(10)
NULL

	stack A
nbr 	index		act_pos	
39		(39)		(10)
23		(23)		(11)
40		(40)		(12)
22		(22)		(13)
24		(24)		(14)
27		(27)		(15)
25		(25)		(16)
28		(28)		(17)
21		(21)		(18)
20		(20)		(0)
30		(30)		(1)
26		(26)		(2)
31		(31)		(3)
33		(33)		(4)
14		(14)		(5)
34		(34)		(6)
36		(36)		(7)
38		(38)		(8)
29		(29)		(9)
NULL

	stack A
nbr 	index		act_pos	
29		(29)		(9)
39		(39)		(10)
23		(23)		(11)
40		(40)		(12)
22		(22)		(13)
24		(24)		(14)
27		(27)		(15)
25		(25)		(16)
28		(28)		(17)
21		(21)		(18)
20		(20)		(0)
30		(30)		(1)
26		(26)		(2)
31		(31)		(3)
[0rra
rra
rra
rra
rra
rra
rra
rra
rra
rra
rra
rra
pa
rra
rra
;44;30m 33		(33)		(4)
14		(14)		(5)
34		(34)		(6)
36		(36)		(7)
38		(38)		(8)
NULL

	stack A
nbr 	index		act_pos	
38		(38)		(8)
29		(29)		(9)
39		(39)		(10)
23		(23)		(11)
40		(40)		(12)
22		(22)		(13)
24		(24)		(14)
27		(27)		(15)
25		(25)		(16)
28		(28)		(17)
21		(21)		(18)
20		(20)		(0)
30		(30)		(1)
26		(26)		(2)
31		(31)		(3)
33		(33)		(4)
14		(14)		(5)
34		(34)		(6)
36		(36)		(7)
NULL

	stack A
nbr 	index		act_pos	
36		(36)		(7)
38		(38)		(8)
29		(29)		(9)
39		(39)		(10)
23		(23)		(11)
40		(40)		(12)
22		(22)		(13)
24		(24)		(14)
27		(27)		(15)
25		(25)		(16)
28		(28)		(17)
21		(21)		(18)
20		(20)		(0)
30		(30)		(1)
26		(26)		(2)
31		(31)		(3)
33		(33)		(4)
14		(14)		(5)
34		(34)		(6)
NULL

	stack A
nbr 	index		act_pos	
34		(34)		(6)
36		(36)		(7)
38		(38)		(8)
29		(29)		(9)
39		(39)		(10)
23		(23)		(11)
40		(40)		(12)
22		(22)		(13)
24		(24)		(14)
27		(27)		(15)
25		(25)		(16)
28		(28)		(17)
21		(21)		(18)
20		(20)		(0)
30		(30)		(1)
26		(26)		(2)
31		(31)		(3)
33		(33)		(4)
14		(14)		(5)
NULL

	stack A
nbr 	index		act_pos	
14		(14)		(5)
34		(34)		(6)
36		(36)		(7)
38		(38)		(8)
29		(29)		(9)
39		(39)		(10)
23		(23)		(11)
40		(40)		(12)
22		(22)		(13)
24		(24)		(14)
27		(27)		(15)
25		(25)		(16)
28		(28)		(17)
21		(21)		(18)
20		(20)		(0)
30		(30)		(1)
26		(26)		(2)
31		(31)		(3)
33		(33)		(4)
NULL

	stack A
nbr 	index		act_pos	
33		(33)		(4)
14		(14)		(5)
34		(34)		(6)
36		(36)		(7)
38		(38)		(8)
29		(29)		(9)
39		(39)		(10)
23		(23)		(11)
40		(40)		(12)
22		(22)		(13)
24		(24)		(14)
27		(27)		(15)
25		(25)		(16)
28		(28)		(17)
21		(21)		(18)
20		(20)		(0)
30		(30)		(1)
26		(26)		(2)
31		(31)		(3)
NULL

	stack A
nbr 	index		act_pos	
31		(31)		(3)
33		(33)		(4)
14		(14)		(5)
34		(34)		(6)
36		(36)		(7)
38		(38)		(8)
29		(29)		(9)
39		(39)		(10)
23		(23)		(11)
40		(40)		(12)
22		(22)		(13)
24		(24)		(14)
27		(27)		(15)
25		(25)		(16)
28		(28)		(17)
21		(21)		(18)
20		(20)		(0)
30		(30)		(1)
26		(26)		(2)
NULL

	stack A
nbr 	index		act_pos	
26		(26)		(2)
31		(31)		(3)
33		(33)		(4)
14		(14)		(5)
34		(34)		(6)
36		(36)		(7)
38		(38)		(8)
29		(29)		(9)
39		(39)		(10)
23		(23)		(11)
40		(40)		(12)
22		(22)		(13)
24		(24)		(14)
27		(27)		(15)
25		(25)		(16)
28		(28)		(17)
21		(21)		(18)
20		(20)		(0)
30		(30)		(1)
NULL

	stack A
nbr 	index		act_pos	
30		(30)		(1)
26		(26)		(2)
31		(31)		(3)
33		(33)		(4)
14		(14)		(5)
34		(34)		(6)
36		(36)		(7)
38		(38)		(8)
29		(29)		(9)
39		(39)		(10)
23		(23)		(11)
40		(40)		(12)
22		(22)		(13)
24		(24)		(14)
27		(27)		(15)
25		(25)		(16)
28		(28)		(17)
21		(21)		(18)
20		(20)		(0)
NULL

	stack A
nbr 	index		act_pos	
20		(20)		(0)
30		(30)		(1)
26		(26)		(2)
31		(31)		(3)
33		(33)		(4)
14		(14)		(5)
34		(34)		(6)
36		(36)		(7)
38		(38)		(8)
29		(29)		(9)
39		(39)		(10)
23		(23)		(11)
40		(40)		(12)
22		(22)		(13)
24		(24)		(14)
27		(27)		(15)
25		(25)		(16)
28		(28)		(17)
21		(21)		(18)
NULL

	stack A
nbr 	index		act_pos	
21		(21)		(18)
20		(20)		(0)
30		(30)		(1)
26		(26)		(2)
31		(31)		(3)
33		(33)		(4)
14		(14)		(5)
34		(34)		(6)
36		(36)		(7)
38		(38)		(8)
29		(29)		(9)
39		(39)		(10)
23		(23)		(11)
40		(40)		(12)
22		(22)		(13)
24		(24)		(14)
27		(27)		(15)
25		(25)		(16)
28		(28)		(17)
NULL

	stack A
nbr 	index		act_pos	
28		(28)		(17)
21		(21)		(18)
20		(20)		(0)
30		(30)		(1)
26		(26)		(2)
31		(31)		(3)
33		(33)		(4)
14		(14)		(5)
34		(34)		(6)
36		(36)		(7)
38		(38)		(8)
29		(29)		(9)
39		(39)		(10)
23		(23)		(11)
40		(40)		(12)
22		(22)		(13)
24		(24)		(14)
27		(27)		(15)
25		(25)		(16)
NULL

	stack A
nbr 	index		act_pos	
25		(25)		(16)
28		(28)		(17)
21		(21)		(18)
20		(20)		(0)
30		(30)		(1)
26		(26)		(2)
31		(31)		(3)
33		(33)		(4)
14		(14)		(5)
34		(34)		(6)
36		(36)		(7)
38		(38)		(8)
29		(29)		(9)
39		(39)		(10)
23		(23)		(11)
40		(40)		(12)
22		(22)		(13)
24		(24)		(14)
27		(27)		(15)
NULL

	stack A
nbr 	index		act_pos	
27		(27)		(19)
19		(19)		(0)
25		(25)		(1)
28		(28)		(2)
21		(21)		(3)
20		(20)		(4)
30		(30)		(5)
26		(26)		(6)
31		(31)		(7)
33		(33)		(8)
14		(14)		(9)
34		(34)		(10)
36		(36)		(11)
38		(38)		(12)
29		(29)		(13)
39		(39)		(14)
23		(23)		(15)
40		(40)		(16)
22		(22)		(17)
24		(24)		(18)
NULL

	stack A
nbr 	index		act_pos	
24		(24)		(18)
27		(27)		(19)
19		(19)		(0)
25		(25)		(1)
rra
rra
rra
rra
rra
rra
rra
rra
rra
rra
rra
rra
rra
28		(28)		(2)
21		(21)		(3)
20		(20)		(4)
30		(30)		(5)
26		(26)		(6)
31		(31)		(7)
33		(33)		(8)
14		(14)		(9)
34		(34)		(10)
36		(36)		(11)
38		(38)		(12)
29		(29)		(13)
39		(39)		(14)
23		(23)		(15)
40		(40)		(16)
22		(22)		(17)
NULL

	stack A
nbr 	index		act_pos	
22		(22)		(17)
24		(24)		(18)
27		(27)		(19)
19		(19)		(0)
25		(25)		(1)
28		(28)		(2)
21		(21)		(3)
20		(20)		(4)
30		(30)		(5)
26		(26)		(6)
31		(31)		(7)
33		(33)		(8)
14		(14)		(9)
34		(34)		(10)
36		(36)		(11)
38		(38)		(12)
29		(29)		(13)
39		(39)		(14)
23		(23)		(15)
40		(40)		(16)
NULL

	stack A
nbr 	index		act_pos	
40		(40)		(16)
22		(22)		(17)
24		(24)		(18)
27		(27)		(19)
19		(19)		(0)
25		(25)		(1)
28		(28)		(2)
21		(21)		(3)
20		(20)		(4)
30		(30)		(5)
26		(26)		(6)
31		(31)		(7)
33		(33)		(8)
14		(14)		(9)
34		(34)		(10)
36		(36)		(11)
38		(38)		(12)
29		(29)		(13)
39		(39)		(14)
23		(23)		(15)
NULL

	stack A
nbr 	index		act_pos	
23		(23)		(15)
40		(40)		(16)
22		(22)		(17)
24		(24)		(18)
27		(27)		(19)
19		(19)		(0)
25		(25)		(1)
28		(28)		(2)
21		(21)		(3)
20		(20)		(4)
30		(30)		(5)
26		(26)		(6)
31		(31)		(7)
33		(33)		(8)
14		(14)		(9)
34		(34)		(10)
36		(36)		(11)
38		(38)		(12)
29		(29)		(13)
39		(39)		(14)
NULL

	stack A
nbr 	index		act_pos	
39		(39)		(14)
23		(23)		(15)
40		(40)		(16)
22		(22)		(17)
24		(24)		(18)
27		(27)		(19)
19		(19)		(0)
25		(25)		(1)
28		(28)		(2)
21		(21)		(3)
20		(20)		(4)
30		(30)		(5)
26		(26)		(6)
31		(31)		(7)
33		(33)		(8)
14		(14)		(9)
34		(34)		(10)
36		(36)		(11)
38		(38)		(12)
29		(29)		(13)
NULL

	stack A
nbr 	index		act_pos	
29		(29)		(13)
39		(39)		(14)
23		(23)		(15)
40		(40)		(16)
22		(22)		(17)
24		(24)		(18)
27		(27)		(19)
19		(19)		(0)
25		(25)		(1)
28		(28)		(2)
21		(21)		(3)
20		(20)		(4)
30		(30)		(5)
26		(26)		(6)
31		(31)		(7)
33		(33)		(8)
14		(14)		(9)
34		(34)		(10)
36		(36)		(11)
38		(38)		(12)
NULL

	stack A
nbr 	index		act_pos	
38		(38)		(12)
29		(29)		(13)
39		(39)		(14)
23		(23)		(15)
40		(40)		(16)
22		(22)		(17)
24		(24)		(18)
27		(27)		(19)
19		(19)		(0)
25		(25)		(1)
28		(28)		(2)
21		(21)		(3)
20		(20)		(4)
30		(30)		(5)
26		(26)		(6)
31		(31)		(7)
33		(33)		(8)
14		(14)		(9)
34		(34)		(10)
36		(36)		(11)
NULL

	stack A
nbr 	index		act_pos	
36		(36)		(11)
38		(38)		(12)
29		(29)		(13)
39		(39)		(14)
23		(23)		(15)
40		(40)		(16)
22		(22)		(17)
24		(24)		(18)
27		(27)		(19)
19		(19)		(0)
25		(25)		(1)
28		(28)		(2)
21		(21)		(3)
20		(20)		(4)
30		(30)		(5)
26		(26)		(6)
31		(31)		(7)
33		(33)		(8)
14		(14)		(9)
34		(34)		(10)
NULL

	stack A
nbr 	index		act_pos	
34		(34)		(10)
36		(36)		(11)
38		(38)		(12)
29		(29)		(13)
39		(39)		(14)
23		(23)		(15)
40		(40)		(16)
22		(22)		(17)
24		(24)		(18)
27		(27)		(19)
19		(19)		(0)
25		(25)		(1)
28		(28)		(2)
21		(21)		(3)
20		(20)		(4)
30		(30)		(5)
26		(26)		(6)
31		(31)		(7)
33		(33)		(8)
14		(14)		(9)
NULL

	stack A
nbr 	index		act_pos	
14		(14)		(9)
34		(34)		(10)
36		(36)		(11)
38		(38)		(12)
29		(29)		(13)
39		(39)		(14)
23		(23)		(15)
40		(40)		(16)
22		(22)		(17)
24		(24)		(18)
27		(27)		(19)
19		(19)		(0)
25		(25)		(1)
28		(28)		(2)
21		(21)		(3)
20		(20)		(4)
30		(30)		(5)
26		(26)		(6)
31		(31)		(7)
33		(33)		(8)
NULL

	stack A
nbr 	index		act_pos	
33		(33)		(8)
14		(14)		(9)
34		(34)		(10)
36		(36)		(11)
38		(38)		(12)
29		(29)		(13)
39		(39)		(14)
23		(23)		(15)
40		(40)		(16)
22		(22)		(17)
24		(24)		(18)
27		(27)		(19)
19		(19)		(0)
25		(25)		(1)
28		(28)		(2)
21		(21)		(3)
20		(20)		(4)
30		(30)		(5)
26		(26)		(6)
31		(31)		(7)
NULL

	stack A
nbr 	index		act_pos	
31		(31)		(7)
33		(33)		(8)
14		(14)		(9)
34		(34)		(10)
36		(36)		(11)
38		(38)		(12)
29		(29)		(13)
39		(39)		(14)
23		(23)		(15)
40		(40)		(16)
22		(22)		(17)
24		(24)		(18)
27		(27)		(19)
19		(19)		(0)
25		(25)		(1)
28		(28)		(2)
21		(21)		(3)
20		(20)		(4)
30		(30)		(5)
26		(26)		(6)
NULL

	stack A
nbr 	index		act_pos	
26		(26)		(6)
31		(31)		(7)
33		(33)		(8)
14		(14)		(9)
34		(34)		(10)
36		(36)		(11)
38		(38)		(12)
29		(29)		(13)
39		(39)		(14)
23		(23)		(15)
40		(40)		(16)
22		(22)		(17)
24		(24)		(18)
27		(27)		(19)
19		(19)		(0)
25		(25)		(1)
28		(28)		(2)
21		(21)		(3)
20		(20)		(4)
30		(30)		(5)
NULL

	stack A
nbr 	index		act_pos	
30		(30)		(5)
26		(26)		(6)
31		(31)		(7)
33 [0rra
rra
rra
rra
rra
rra
rra
pa
rra
rra
rra
rra
rra
m		(33)		(8)
14		(14)		(9)
34		(34)		(10)
36		(36)		(11)
38		(38)		(12)
29		(29)		(13)
39		(39)		(14)
23		(23)		(15)
40		(40)		(16)
22		(22)		(17)
24		(24)		(18)
27		(27)		(19)
19		(19)		(0)
25		(25)		(1)
28		(28)		(2)
21		(21)		(3)
20		(20)		(4)
NULL

	stack A
nbr 	index		act_pos	
20		(20)		(4)
30		(30)		(5)
26		(26)		(6)
31		(31)		(7)
33		(33)		(8)
14		(14)		(9)
34		(34)		(10)
36		(36)		(11)
38		(38)		(12)
29		(29)		(13)
39		(39)		(14)
23		(23)		(15)
40		(40)		(16)
22		(22)		(17)
24		(24)		(18)
27		(27)		(19)
19		(19)		(0)
25		(25)		(1)
28		(28)		(2)
21		(21)		(3)
NULL

	stack A
nbr 	index		act_pos	
21		(21)		(3)
20		(20)		(4)
30		(30)		(5)
26		(26)		(6)
31		(31)		(7)
33		(33)		(8)
14		(14)		(9)
34		(34)		(10)
36		(36)		(11)
38		(38)		(12)
29		(29)		(13)
39		(39)		(14)
23		(23)		(15)
40		(40)		(16)
22		(22)		(17)
24		(24)		(18)
27		(27)		(19)
19		(19)		(0)
25		(25)		(1)
28		(28)		(2)
NULL

	stack A
nbr 	index		act_pos	
28		(28)		(2)
21		(21)		(3)
20		(20)		(4)
30		(30)		(5)
26		(26)		(6)
31		(31)		(7)
33		(33)		(8)
14		(14)		(9)
34		(34)		(10)
36		(36)		(11)
38		(38)		(12)
29		(29)		(13)
39		(39)		(14)
23		(23)		(15)
40		(40)		(16)
22		(22)		(17)
24		(24)		(18)
27		(27)		(19)
19		(19)		(0)
25		(25)		(1)
NULL

	stack A
nbr 	index		act_pos	
25		(25)		(1)
28		(28)		(2)
21		(21)		(3)
20		(20)		(4)
30		(30)		(5)
26		(26)		(6)
31		(31)		(7)
33		(33)		(8)
14		(14)		(9)
34		(34)		(10)
36		(36)		(11)
38		(38)		(12)
29		(29)		(13)
39		(39)		(14)
23		(23)		(15)
40		(40)		(16)
22		(22)		(17)
24		(24)		(18)
27		(27)		(19)
19		(19)		(0)
NULL

	stack A
nbr 	index		act_pos	
19		(19)		(0)
25		(25)		(1)
28		(28)		(2)
21		(21)		(3)
20		(20)		(4)
30		(30)		(5)
26		(26)		(6)
31		(31)		(7)
33		(33)		(8)
14		(14)		(9)
34		(34)		(10)
36		(36)		(11)
38		(38)		(12)
29		(29)		(13)
39		(39)		(14)
23		(23)		(15)
40		(40)		(16)
22		(22)		(17)
24		(24)		(18)
27		(27)		(19)
NULL

	stack A
nbr 	index		act_pos	
27		(27)		(19)
19		(19)		(0)
25		(25)		(1)
28		(28)		(2)
21		(21)		(3)
20		(20)		(4)
30		(30)		(5)
26		(26)		(6)
31		(31)		(7)
33		(33)		(8)
14		(14)		(9)
34		(34)		(10)
36		(36)		(11)
38		(38)		(12)
29		(29)		(13)
39		(39)		(14)
23		(23)		(15)
40		(40)		(16)
22		(22)		(17)
24		(24)		(18)
NULL

	stack A
nbr 	index		act_pos	
24		(24)		(18)
27		(27)		(19)
19		(19)		(0)
25		(25)		(1)
28		(28)		(2)
21		(21)		(3)
20		(20)		(4)
30		(30)		(5)
26		(26)		(6)
31		(31)		(7)
33		(33)		(8)
14		(14)		(9)
34		(34)		(10)
36		(36)		(11)
38		(38)		(12)
29		(29)		(13)
39		(39)		(14)
23		(23)		(15)
40		(40)		(16)
22		(22)		(17)
NULL

	stack A
nbr 	index		act_pos	
22		(22)		(20)
12		(12)		(0)
24		(24)		(1)
27		(27)		(2)
19		(19)		(3)
25		(25)		(4)
28		(28)		(5)
21		(21)		(6)
20		(20)		(7)
30		(30)		(8)
26		(26)		(9)
31		(31)		(10)
33		(33)		(11)
14		(14)		(12)
34		(34)		(13)
36		(36)		(14)
38		(38)		(15)
29		(29)		(16)
39		(39)		(17)
23		(23)		(18)
40		(40)		(19)
NULL

	stack A
nbr 	index		act_pos	
40		(40)		(19)
22		(22)		(20)
12		(12)		(0)
24		(24)		(1)
27		(27)		(2)
19		(19)		(3)
25		(25)		(4)
28		(28)		(5)
21		(21)		(6)
20		(20)		(7)
30		(30)		(8)
26		(26)		(9)
31		(31)		(10)
33		(33)		(11)
14		(14)		(12)
34		(34)		(13)
36		(36)		(14)
38		(38)		(15)
29		(29)		(16)
39		(39)		(17)
23		(23)		(18)
NULL

	stack A
nbr 	index		act_pos	
23		(23)		(18)
40		(40)		(19)
22		(22)		(20)
12		(12)		(0)
24		(24)		(1)
27		(27)		(2)
19		(19)		(3)
25		(25)		(4)
28		(28)		(5)
21		(21)		(6)
20		(20)		(7)
30		(30)		(8)
26		(26)		(9)
31		(31)		(10)
33		(33)		(11)
14		(14)		(12)
34		(34)		(13)
36		(36)		(14)
38		(38)		(15)
29		(29)		(16)
39		(39)		(17)
NULL

	stack A
nbr 	index		act_pos	
39		(39)		(17)
23		(23)		(18)
40		(40)		(19)
22		(22)		(20)
12		(12)		(0)
24		(24)		(1)
27		(27)		(2)
19		(19)		(3)
25		(25)		(4)
28		(28)		(5)
21		(21)		(6)
20		(20)		(7)
30		(30)		(8)
26		(26)		(9)
31		(31)		(10)
33		(33)		(11)
14		(14)		(12)
34		(34)		(13)
36		(36)		(14)
38		(38)		(15)
29		(29)		(16)
NULL

	stack A
nbr 	index		act_pos	
29		(29)		(16)
39		(39)		(17)
23		(23)		(18)
40		(40)		(19)
22		(22)		(20)
12		(12)		(0)
24		(24)		(1)
27		(27)		(2)
19		(19)		(3)
25		(25)		(4)
28		(28)		(5)
21		(21)		(6)
20		(20)		(7)
30		(30)		(8)
26		(26)		(9)
31		(31)		(10)
33		(33)		(11)
14		(14)		(12)
34		(34)		(13)
36		(36)		(14)
38		(38)rra
rra
rra
rra
rra
rra
rra
rra
rra
rra
rra
rra
rra
		(15)
NULL

	stack A
nbr 	index		act_pos	
38		(38)		(15)
29		(29)		(16)
39		(39)		(17)
23		(23)		(18)
40		(40)		(19)
22		(22)		(20)
12		(12)		(0)
24		(24)		(1)
27		(27)		(2)
19		(19)		(3)
25		(25)		(4)
28		(28)		(5)
21		(21)		(6)
20		(20)		(7)
30		(30)		(8)
26		(26)		(9)
31		(31)		(10)
33		(33)		(11)
14		(14)		(12)
34		(34)		(13)
36		(36)		(14)
NULL

	stack A
nbr 	index		act_pos	
36		(36)		(14)
38		(38)		(15)
29		(29)		(16)
39		(39)		(17)
23		(23)		(18)
40		(40)		(19)
22		(22)		(20)
12		(12)		(0)
24		(24)		(1)
27		(27)		(2)
19		(19)		(3)
25		(25)		(4)
28		(28)		(5)
21		(21)		(6)
20		(20)		(7)
30		(30)		(8)
26		(26)		(9)
31		(31)		(10)
33		(33)		(11)
14		(14)		(12)
34		(34)		(13)
NULL

	stack A
nbr 	index		act_pos	
34		(34)		(13)
36		(36)		(14)
38		(38)		(15)
29		(29)		(16)
39		(39)		(17)
23		(23)		(18)
40		(40)		(19)
22		(22)		(20)
12		(12)		(0)
24		(24)		(1)
27		(27)		(2)
19		(19)		(3)
25		(25)		(4)
28		(28)		(5)
21		(21)		(6)
20		(20)		(7)
30		(30)		(8)
26		(26)		(9)
31		(31)		(10)
33		(33)		(11)
14		(14)		(12)
NULL

	stack A
nbr 	index		act_pos	
14		(14)		(12)
34		(34)		(13)
36		(36)		(14)
38		(38)		(15)
29		(29)		(16)
39		(39)		(17)
23		(23)		(18)
40		(40)		(19)
22		(22)		(20)
12		(12)		(0)
24		(24)		(1)
27		(27)		(2)
19		(19)		(3)
25		(25)		(4)
28		(28)		(5)
21		(21)		(6)
20		(20)		(7)
30		(30)		(8)
26		(26)		(9)
31		(31)		(10)
33		(33)		(11)
NULL

	stack A
nbr 	index		act_pos	
33		(33)		(11)
14		(14)		(12)
34		(34)		(13)
36		(36)		(14)
38		(38)		(15)
29		(29)		(16)
39		(39)		(17)
23		(23)		(18)
40		(40)		(19)
22		(22)		(20)
12		(12)		(0)
24		(24)		(1)
27		(27)		(2)
19		(19)		(3)
25		(25)		(4)
28		(28)		(5)
21		(21)		(6)
20		(20)		(7)
30		(30)		(8)
26		(26)		(9)
31		(31)		(10)
NULL

	stack A
nbr 	index		act_pos	
31		(31)		(10)
33		(33)		(11)
14		(14)		(12)
34		(34)		(13)
36		(36)		(14)
38		(38)		(15)
29		(29)		(16)
39		(39)		(17)
23		(23)		(18)
40		(40)		(19)
22		(22)		(20)
12		(12)		(0)
24		(24)		(1)
27		(27)		(2)
19		(19)		(3)
25		(25)		(4)
28		(28)		(5)
21		(21)		(6)
20		(20)		(7)
30		(30)		(8)
26		(26)		(9)
NULL

	stack A
nbr 	index		act_pos	
26		(26)		(9)
31		(31)		(10)
33		(33)		(11)
14		(14)		(12)
34		(34)		(13)
36		(36)		(14)
38		(38)		(15)
29		(29)		(16)
39		(39)		(17)
23		(23)		(18)
40		(40)		(19)
22		(22)		(20)
12		(12)		(0)
24		(24)		(1)
27		(27)		(2)
19		(19)		(3)
25		(25)		(4)
28		(28)		(5)
21		(21)		(6)
20		(20)		(7)
30		(30)		(8)
NULL

	stack A
nbr 	index		act_pos	
30		(30)		(8)
26		(26)		(9)
31		(31)		(10)
33		(33)		(11)
14		(14)		(12)
34		(34)		(13)
36		(36)		(14)
38		(38)		(15)
29		(29)		(16)
39		(39)		(17)
23		(23)		(18)
40		(40)		(19)
22		(22)		(20)
12		(12)		(0)
24		(24)		(1)
27		(27)		(2)
19		(19)		(3)
25		(25)		(4)
28		(28)		(5)
21		(21)		(6)
20		(20)		(7)
NULL

	stack A
nbr 	index		act_pos	
20		(20)		(7)
30		(30)		(8)
26		(26)		(9)
31		(31)		(10)
33		(33)		(11)
14		(14)		(12)
34		(34)		(13)
36		(36)		(14)
38		(38)		(15)
29		(29)		(16)
39		(39)		(17)
23		(23)		(18)
40		(40)		(19)
22		(22)		(20)
12		(12)		(0)
24		(24)		(1)
27		(27)		(2)
19		(19)		(3)
25		(25)		(4)
28		(28)		(5)
21		(21)		(6)
NULL

	stack A
nbr 	index		act_pos	
21		(21)		(6)
20		(20)		(7)
30		(30)		(8)
26		(26)		(9)
31		(31)		(10)
33		(33)		(11)
14		(14)		(12)
34		(34)		(13)
36		(36)		(14)
38		(38)		(15)
29		(29)		(16)
39		(39)		(17)
23		(23)		(18)
40		(40)		(19)
22		(22)		(20)
12		(12)		(0)
24		(24)		(1)
27		(27)		(2)
19		(19)		(3)
25		(25)		(4)
28		(28)		(5)
NULL

	stack A
nbr 	index		act_pos	
28		(28)		(5)
21		(21)		(6)
20		(20)		(7)
30		(30)		(8)
26		(26)		(9)
31		(31)		(10)
33		(33)		(11)
14		(14)		(12)
34		(34)		(13)
36		(36)		(14)
38		(38)		(15)
29		(29)		(16)
39		(39)		(17)
23		(23)		(18)
40		(40)		(19)
22		(22)		(20)
12		(12)		(0)
24		(24)		(1)
27		(27)		(2)
19		(19)		(3)
25		(25)		(4)
NULL

	stack A
nbr 	index		act_pos	
25		(25)		(4)
28		(28)		(5)
21		(21)		(6)
20		(20)		(7)
30		(30)		(8)
26		(26)		(9)
31		(31)		(10)
33		(33)		(11)
14		(14)		(12)
34		(34)		(13)
36		(36)		(14)
38		(38)		(15)
29		(29)		(16)
39		(39)		(17)
23		(23)		(18)
40		(40)		(19)
22		(22)		(20)
12		(12)		(0)
24		(24)		(1)
27		(27)		(2)
19		(19)		(3)
NULL

	stack A
nbr 	index		act_pos	
19		(19)		(3)
25		(25)		(4)
28		(28)		(5)
21		(21)		(6)
20		(20)		(7)
30		(30)		(8)
26		(26)	rra
rra
rra
rra
pa
rra
rra
rra
rra
rra
rra
rra
rra
	(9)
31		(31)		(10)
33		(33)		(11)
14		(14)		(12)
34		(34)		(13)
36		(36)		(14)
38		(38)		(15)
29		(29)		(16)
39		(39)		(17)
23		(23)		(18)
40		(40)		(19)
22		(22)		(20)
12		(12)		(0)
24		(24)		(1)
27		(27)		(2)
NULL

	stack A
nbr 	index		act_pos	
27		(27)		(2)
19		(19)		(3)
25		(25)		(4)
28		(28)		(5)
21		(21)		(6)
20		(20)		(7)
30		(30)		(8)
26		(26)		(9)
31		(31)		(10)
33		(33)		(11)
14		(14)		(12)
34		(34)		(13)
36		(36)		(14)
38		(38)		(15)
29		(29)		(16)
39		(39)		(17)
23		(23)		(18)
40		(40)		(19)
22		(22)		(20)
12		(12)		(0)
24		(24)		(1)
NULL

	stack A
nbr 	index		act_pos	
24		(24)		(1)
27		(27)		(2)
19		(19)		(3)
25		(25)		(4)
28		(28)		(5)
21		(21)		(6)
20		(20)		(7)
30		(30)		(8)
26		(26)		(9)
31		(31)		(10)
33		(33)		(11)
14		(14)		(12)
34		(34)		(13)
36		(36)		(14)
38		(38)		(15)
29		(29)		(16)
39		(39)		(17)
23		(23)		(18)
40		(40)		(19)
22		(22)		(20)
12		(12)		(0)
NULL

	stack A
nbr 	index		act_pos	
12		(12)		(0)
24		(24)		(1)
27		(27)		(2)
19		(19)		(3)
25		(25)		(4)
28		(28)		(5)
21		(21)		(6)
20		(20)		(7)
30		(30)		(8)
26		(26)		(9)
31		(31)		(10)
33		(33)		(11)
14		(14)		(12)
34		(34)		(13)
36		(36)		(14)
38		(38)		(15)
29		(29)		(16)
39		(39)		(17)
23		(23)		(18)
40		(40)		(19)
22		(22)		(20)
NULL

	stack A
nbr 	index		act_pos	
22		(22)		(20)
12		(12)		(0)
24		(24)		(1)
27		(27)		(2)
19		(19)		(3)
25		(25)		(4)
28		(28)		(5)
21		(21)		(6)
20		(20)		(7)
30		(30)		(8)
26		(26)		(9)
31		(31)		(10)
33		(33)		(11)
14		(14)		(12)
34		(34)		(13)
36		(36)		(14)
38		(38)		(15)
29		(29)		(16)
39		(39)		(17)
23		(23)		(18)
40		(40)		(19)
NULL

	stack A
nbr 	index		act_pos	
40		(40)		(21)
17		(17)		(0)
22		(22)		(1)
12		(12)		(2)
24		(24)		(3)
27		(27)		(4)
19		(19)		(5)
25		(25)		(6)
28		(28)		(7)
21		(21)		(8)
20		(20)		(9)
30		(30)		(10)
26		(26)		(11)
31		(31)		(12)
33		(33)		(13)
14		(14)		(14)
34		(34)		(15)
36		(36)		(16)
38		(38)		(17)
29		(29)		(18)
39		(39)		(19)
23		(23)		(20)
NULL

	stack A
nbr 	index		act_pos	
23		(23)		(20)
40		(40)		(21)
17		(17)		(0)
22		(22)		(1)
12		(12)		(2)
24		(24)		(3)
27		(27)		(4)
19		(19)		(5)
25		(25)		(6)
28		(28)		(7)
21		(21)		(8)
20		(20)		(9)
30		(30)		(10)
26		(26)		(11)
31		(31)		(12)
33		(33)		(13)
14		(14)		(14)
34		(34)		(15)
36		(36)		(16)
38		(38)		(17)
29		(29)		(18)
39		(39)		(19)
NULL

	stack A
nbr 	index		act_pos	
39		(39)		(19)
23		(23)		(20)
40		(40)		(21)
17		(17)		(0)
22		(22)		(1)
12		(12)		(2)
24		(24)		(3)
27		(27)		(4)
19		(19)		(5)
25		(25)		(6)
28		(28)		(7)
21		(21)		(8)
20		(20)		(9)
30		(30)		(10)
26		(26)		(11)
31		(31)		(12)
33		(33)		(13)
14		(14)		(14)
34		(34)		(15)
36		(36)		(16)
38		(38)		(17)
29		(29)		(18)
NULL

	stack A
nbr 	index		act_pos	
29		(29)		(18)
39		(39)		(19)
23		(23)		(20)
40		(40)		(21)
17		(17)		(0)
22		(22)		(1)
12		(12)		(2)
24		(24)		(3)
27		(27)		(4)
19		(19)		(5)
25		(25)		(6)
28		(28)		(7)
21		(21)		(8)
20		(20)		(9)
30		(30)		(10)
26		(26)		(11)
31		(31)		(12)
33		(33)		(13)
14		(14)		(14)
34		(34)		(15)
36		(36)		(16)
38		(38)		(17)
NULL

	stack A
nbr 	index		act_pos	
38		(38)		(17)
29		(29)		(18)
39		(39)		(19)
23		(23)		(20)
40		(40)		(21)
17		(17)		(0)
22		(22)		(1)
12		(12)		(2)
24		(24)		(3)
27		(27)		(4)
19		(19)		(5)
25		(25)		(6)
28		(28)		(7)
21		(21)		(8)
20		(20)		(9)
30		(30)		(10)
26		(26)		(11)
31		(31)		(12)
33		(33)		(13)
14		(14)		(14)
34		(34)		(15)
36		(36)		(16)
NULL

	stack A
nbr 	index		act_pos	
36		(36)		(16)
38		(38)		(17)
29		(29)		(18)
39		(39)		(19)
23		(23)		(20)
40		(40)		(21)
17		(17)		(0)
22		(22)		(1)
12		(12)		(2)
24		(24)		(3)
27		(27)		(4)
19		(19)		(5)
25		(25)		(6)
28		(28)		(7)
21		(21)		(8)
20		(20)		(9)
30		(30)		(10)
26		(26)		(11)
31		(31)		(12)
33		(33)		(13)
14		(14)		(14)
34		(34)		(15)
NULL

	stack A
nbr 	index		act_pos	
34		(34)		(15)
36		(36)		(16)
38		(38)		(17)
29		(29)		(18)
39		(39)		(19)
23		(23)		(20)
40		(40)		(21)
17		(17)		(0)
22		(22)		(1)
12		(12)		(2)
24		(24)		(3)
27		(27)		(4)
19		(19)		(5)
25		(25)		(6)
28		(28)		(7)
21		(21)		(8)
20		(20)		(9)
30		(30)		(10)
26		(26)		(11)
31		(31)		(12)
33		(33)		(13)
14		(14)		(14)
NULL

	stack A
nbr 	index		act_pos	
14		(14)		(14)
34		(34)		(15)
36		(36)		(16)
38		(38)		(17)
29		(29)		(18)
39		(39)		(19)
23		(23)		(20)
40		(40)		(21)
17 [0rra
rra
rra
rra
rra
rra
rra
rra
rra
rra
rra
rra
m		(17)		(0)
22		(22)		(1)
12		(12)		(2)
24		(24)		(3)
27		(27)		(4)
19		(19)		(5)
25		(25)		(6)
28		(28)		(7)
21		(21)		(8)
20		(20)		(9)
30		(30)		(10)
26		(26)		(11)
31		(31)		(12)
33		(33)		(13)
NULL

	stack A
nbr 	index		act_pos	
33		(33)		(13)
14		(14)		(14)
34		(34)		(15)
36		(36)		(16)
38		(38)		(17)
29		(29)		(18)
39		(39)		(19)
23		(23)		(20)
40		(40)		(21)
17		(17)		(0)
22		(22)		(1)
12		(12)		(2)
24		(24)		(3)
27		(27)		(4)
19		(19)		(5)
25		(25)		(6)
28		(28)		(7)
21		(21)		(8)
20		(20)		(9)
30		(30)		(10)
26		(26)		(11)
31		(31)		(12)
NULL

	stack A
nbr 	index		act_pos	
31		(31)		(12)
33		(33)		(13)
14		(14)		(14)
34		(34)		(15)
36		(36)		(16)
38		(38)		(17)
29		(29)		(18)
39		(39)		(19)
23		(23)		(20)
40		(40)		(21)
17		(17)		(0)
22		(22)		(1)
12		(12)		(2)
24		(24)		(3)
27		(27)		(4)
19		(19)		(5)
25		(25)		(6)
28		(28)		(7)
21		(21)		(8)
20		(20)		(9)
30		(30)		(10)
26		(26)		(11)
NULL

	stack A
nbr 	index		act_pos	
26		(26)		(11)
31		(31)		(12)
33		(33)		(13)
14		(14)		(14)
34		(34)		(15)
36		(36)		(16)
38		(38)		(17)
29		(29)		(18)
39		(39)		(19)
23		(23)		(20)
40		(40)		(21)
17		(17)		(0)
22		(22)		(1)
12		(12)		(2)
24		(24)		(3)
27		(27)		(4)
19		(19)		(5)
25		(25)		(6)
28		(28)		(7)
21		(21)		(8)
20		(20)		(9)
30		(30)		(10)
NULL

	stack A
nbr 	index		act_pos	
30		(30)		(10)
26		(26)		(11)
31		(31)		(12)
33		(33)		(13)
14		(14)		(14)
34		(34)		(15)
36		(36)		(16)
38		(38)		(17)
29		(29)		(18)
39		(39)		(19)
23		(23)		(20)
40		(40)		(21)
17		(17)		(0)
22		(22)		(1)
12		(12)		(2)
24		(24)		(3)
27		(27)		(4)
19		(19)		(5)
25		(25)		(6)
28		(28)		(7)
21		(21)		(8)
20		(20)		(9)
NULL

	stack A
nbr 	index		act_pos	
20		(20)		(9)
30		(30)		(10)
26		(26)		(11)
31		(31)		(12)
33		(33)		(13)
14		(14)		(14)
34		(34)		(15)
36		(36)		(16)
38		(38)		(17)
29		(29)		(18)
39		(39)		(19)
23		(23)		(20)
40		(40)		(21)
17		(17)		(0)
22		(22)		(1)
12		(12)		(2)
24		(24)		(3)
27		(27)		(4)
19		(19)		(5)
25		(25)		(6)
28		(28)		(7)
21		(21)		(8)
NULL

	stack A
nbr 	index		act_pos	
21		(21)		(8)
20		(20)		(9)
30		(30)		(10)
26		(26)		(11)
31		(31)		(12)
33		(33)		(13)
14		(14)		(14)
34		(34)		(15)
36		(36)		(16)
38		(38)		(17)
29		(29)		(18)
39		(39)		(19)
23		(23)		(20)
40		(40)		(21)
17		(17)		(0)
22		(22)		(1)
12		(12)		(2)
24		(24)		(3)
27		(27)		(4)
19		(19)		(5)
25		(25)		(6)
28		(28)		(7)
NULL

	stack A
nbr 	index		act_pos	
28		(28)		(7)
21		(21)		(8)
20		(20)		(9)
30		(30)		(10)
26		(26)		(11)
31		(31)		(12)
33		(33)		(13)
14		(14)		(14)
34		(34)		(15)
36		(36)		(16)
38		(38)		(17)
29		(29)		(18)
39		(39)		(19)
23		(23)		(20)
40		(40)		(21)
17		(17)		(0)
22		(22)		(1)
12		(12)		(2)
24		(24)		(3)
27		(27)		(4)
19		(19)		(5)
25		(25)		(6)
NULL

	stack A
nbr 	index		act_pos	
25		(25)		(6)
28		(28)		(7)
21		(21)		(8)
20		(20)		(9)
30		(30)		(10)
26		(26)		(11)
31		(31)		(12)
33		(33)		(13)
14		(14)		(14)
34		(34)		(15)
36		(36)		(16)
38		(38)		(17)
29		(29)		(18)
39		(39)		(19)
23		(23)		(20)
40		(40)		(21)
17		(17)		(0)
22		(22)		(1)
12		(12)		(2)
24		(24)		(3)
27		(27)		(4)
19		(19)		(5)
NULL

	stack A
nbr 	index		act_pos	
19		(19)		(5)
25		(25)		(6)
28		(28)		(7)
21		(21)		(8)
20		(20)		(9)
30		(30)		(10)
26		(26)		(11)
31		(31)		(12)
33		(33)		(13)
14		(14)		(14)
34		(34)		(15)
36		(36)		(16)
38		(38)		(17)
29		(29)		(18)
39		(39)		(19)
23		(23)		(20)
40		(40)		(21)
17		(17)		(0)
22		(22)		(1)
12		(12)		(2)
24		(24)		(3)
27		(27)		(4)
NULL

	stack A
nbr 	index		act_pos	
27		(27)		(4)
19		(19)		(5)
25		(25)		(6)
28		(28)		(7)
21		(21)		(8)
20		(20)		(9)
30		(30)		(10)
26		(26)		(11)
31		(31)		(12)
33		(33)		(13)
14		(14)		(14)
34		(34)		(15)
36		(36)		(16)
38		(38)		(17)
29		(29)		(18)
39		(39)		(19)
23		(23)		(20)
40		(40)		(21)
17		(17)		(0)
22		(22)		(1)
12		(12)		(2)
24		(24)		(3)
NULL

	stack A
nbr 	index		act_pos	
24		(24)		(3)
27		(27)		(4)
19		(19)		(5)
25		(25)		(6)
28		(28)		(7)
21		(21)		(8)
20		(20)		(9)
30		(30)		(10)
26		(26)		(11)
31		(31)		(12)
33		(33)		(13)
14		(14)		(14)
34		(34)		(15)
36		(36)		(16)
38		(38)		(17)
29		(29)		(18)
39		(39)		(19)
23		(23)		(20)
40		(40)		(21)
17		(17)		(0)
22		(22)		(1)
12		(12)		(2)
NULL

	stack A
nbr 	index		act_pos	
12		(12)		(2)
24		(24)		(3)
27		(27)		(4)
19		(19)		(5)
25		(25)		(6)
28		(2rra
rra
pa
rra
rra
rra
rra
rra
rra
rra
rra
rra
8)		(7)
21		(21)		(8)
20		(20)		(9)
30		(30)		(10)
26		(26)		(11)
31		(31)		(12)
33		(33)		(13)
14		(14)		(14)
34		(34)		(15)
36		(36)		(16)
38		(38)		(17)
29		(29)		(18)
39		(39)		(19)
23		(23)		(20)
40		(40)		(21)
17		(17)		(0)
22		(22)		(1)
NULL

	stack A
nbr 	index		act_pos	
22		(22)		(1)
12		(12)		(2)
24		(24)		(3)
27		(27)		(4)
19		(19)		(5)
25		(25)		(6)
28		(28)		(7)
21		(21)		(8)
20		(20)		(9)
30		(30)		(10)
26		(26)		(11)
31		(31)		(12)
33		(33)		(13)
14		(14)		(14)
34		(34)		(15)
36		(36)		(16)
38		(38)		(17)
29		(29)		(18)
39		(39)		(19)
23		(23)		(20)
40		(40)		(21)
17		(17)		(0)
NULL

	stack A
nbr 	index		act_pos	
17		(17)		(0)
22		(22)		(1)
12		(12)		(2)
24		(24)		(3)
27		(27)		(4)
19		(19)		(5)
25		(25)		(6)
28		(28)		(7)
21		(21)		(8)
20		(20)		(9)
30		(30)		(10)
26		(26)		(11)
31		(31)		(12)
33		(33)		(13)
14		(14)		(14)
34		(34)		(15)
36		(36)		(16)
38		(38)		(17)
29		(29)		(18)
39		(39)		(19)
23		(23)		(20)
40		(40)		(21)
NULL

	stack A
nbr 	index		act_pos	
40		(40)		(22)
11		(11)		(0)
17		(17)		(1)
22		(22)		(2)
12		(12)		(3)
24		(24)		(4)
27		(27)		(5)
19		(19)		(6)
25		(25)		(7)
28		(28)		(8)
21		(21)		(9)
20		(20)		(10)
30		(30)		(11)
26		(26)		(12)
31		(31)		(13)
33		(33)		(14)
14		(14)		(15)
34		(34)		(16)
36		(36)		(17)
38		(38)		(18)
29		(29)		(19)
39		(39)		(20)
23		(23)		(21)
NULL

	stack A
nbr 	index		act_pos	
23		(23)		(21)
40		(40)		(22)
11		(11)		(0)
17		(17)		(1)
22		(22)		(2)
12		(12)		(3)
24		(24)		(4)
27		(27)		(5)
19		(19)		(6)
25		(25)		(7)
28		(28)		(8)
21		(21)		(9)
20		(20)		(10)
30		(30)		(11)
26		(26)		(12)
31		(31)		(13)
33		(33)		(14)
14		(14)		(15)
34		(34)		(16)
36		(36)		(17)
38		(38)		(18)
29		(29)		(19)
39		(39)		(20)
NULL

	stack A
nbr 	index		act_pos	
39		(39)		(20)
23		(23)		(21)
40		(40)		(22)
11		(11)		(0)
17		(17)		(1)
22		(22)		(2)
12		(12)		(3)
24		(24)		(4)
27		(27)		(5)
19		(19)		(6)
25		(25)		(7)
28		(28)		(8)
21		(21)		(9)
20		(20)		(10)
30		(30)		(11)
26		(26)		(12)
31		(31)		(13)
33		(33)		(14)
14		(14)		(15)
34		(34)		(16)
36		(36)		(17)
38		(38)		(18)
29		(29)		(19)
NULL

	stack A
nbr 	index		act_pos	
29		(29)		(19)
39		(39)		(20)
23		(23)		(21)
40		(40)		(22)
11		(11)		(0)
17		(17)		(1)
22		(22)		(2)
12		(12)		(3)
24		(24)		(4)
27		(27)		(5)
19		(19)		(6)
25		(25)		(7)
28		(28)		(8)
21		(21)		(9)
20		(20)		(10)
30		(30)		(11)
26		(26)		(12)
31		(31)		(13)
33		(33)		(14)
14		(14)		(15)
34		(34)		(16)
36		(36)		(17)
38		(38)		(18)
NULL

	stack A
nbr 	index		act_pos	
38		(38)		(18)
29		(29)		(19)
39		(39)		(20)
23		(23)		(21)
40		(40)		(22)
11		(11)		(0)
17		(17)		(1)
22		(22)		(2)
12		(12)		(3)
24		(24)		(4)
27		(27)		(5)
19		(19)		(6)
25		(25)		(7)
28		(28)		(8)
21		(21)		(9)
20		(20)		(10)
30		(30)		(11)
26		(26)		(12)
31		(31)		(13)
33		(33)		(14)
14		(14)		(15)
34		(34)		(16)
36		(36)		(17)
NULL

	stack A
nbr 	index		act_pos	
36		(36)		(17)
38		(38)		(18)
29		(29)		(19)
39		(39)		(20)
23		(23)		(21)
40		(40)		(22)
11		(11)		(0)
17		(17)		(1)
22		(22)		(2)
12		(12)		(3)
24		(24)		(4)
27		(27)		(5)
19		(19)		(6)
25		(25)		(7)
28		(28)		(8)
21		(21)		(9)
20		(20)		(10)
30		(30)		(11)
26		(26)		(12)
31		(31)		(13)
33		(33)		(14)
14		(14)		(15)
34		(34)		(16)
NULL

	stack A
nbr 	index		act_pos	
34		(34)		(16)
36		(36)		(17)
38		(38)		(18)
29		(29)		(19)
39		(39)		(20)
23		(23)		(21)
40		(40)		(22)
11		(11)		(0)
17		(17)		(1)
22		(22)		(2)
12		(12)		(3)
24		(24)		(4)
27		(27)		(5)
19		(19)		(6)
25		(25)		(7)
28		(28)		(8)
21		(21)		(9)
20		(20)		(10)
30		(30)		(11)
26		(26)		(12)
31		(31)		(13)
33		(33)		(14)
14		(14)		(15)
NULL

	stack A
nbr 	index		act_pos	
14		(14)		(15)
34		(34)		(16)
36		(36)		(17)
38		(38)		(18)
29		(29)		(19)
39		(39)		(20)
23		(23)		(21)
40		(40)		(22)
11		(11)		(0)
17		(17)		(1)
22		(22)		(2)
12		(12)		(3)
24		(24)		(4)
27		(27)		(5)
19		(19)		(6)
25		(25)		(7)
28		(28)		(8)
21		(21)		(9)
20		(20)		(10)
30		(30)		(11)
26		(26)		(12)
31		(31)		(13)
33		(33)		(14)
NULL

	stack A
nbr 	index		act_pos	
33		(33)		(14)
14		(14)		(15)
34		(34)		(16)
36		(36)		(17)
38		(38)		(18)
29		(29)		(19)
39		(39)		(20)
23		(23)		(21)
40		(40)		(22)
11		(11)		(0)
17		(17)		(1)
22		(22)		(2)
12		(12)		(3)
24		(24)		(4)
27		(27)		(5)
19		(19)		(6)
25		(25)		(7)
28		(28)		(8)
21rra
rra
rra
rra
rra
rra
rra
rra
rra
rra
rra
rra
		(21)		(9)
20		(20)		(10)
30		(30)		(11)
26		(26)		(12)
31		(31)		(13)
NULL

	stack A
nbr 	index		act_pos	
31		(31)		(13)
33		(33)		(14)
14		(14)		(15)
34		(34)		(16)
36		(36)		(17)
38		(38)		(18)
29		(29)		(19)
39		(39)		(20)
23		(23)		(21)
40		(40)		(22)
11		(11)		(0)
17		(17)		(1)
22		(22)		(2)
12		(12)		(3)
24		(24)		(4)
27		(27)		(5)
19		(19)		(6)
25		(25)		(7)
28		(28)		(8)
21		(21)		(9)
20		(20)		(10)
30		(30)		(11)
26		(26)		(12)
NULL

	stack A
nbr 	index		act_pos	
26		(26)		(12)
31		(31)		(13)
33		(33)		(14)
14		(14)		(15)
34		(34)		(16)
36		(36)		(17)
38		(38)		(18)
29		(29)		(19)
39		(39)		(20)
23		(23)		(21)
40		(40)		(22)
11		(11)		(0)
17		(17)		(1)
22		(22)		(2)
12		(12)		(3)
24		(24)		(4)
27		(27)		(5)
19		(19)		(6)
25		(25)		(7)
28		(28)		(8)
21		(21)		(9)
20		(20)		(10)
30		(30)		(11)
NULL

	stack A
nbr 	index		act_pos	
30		(30)		(11)
26		(26)		(12)
31		(31)		(13)
33		(33)		(14)
14		(14)		(15)
34		(34)		(16)
36		(36)		(17)
38		(38)		(18)
29		(29)		(19)
39		(39)		(20)
23		(23)		(21)
40		(40)		(22)
11		(11)		(0)
17		(17)		(1)
22		(22)		(2)
12		(12)		(3)
24		(24)		(4)
27		(27)		(5)
19		(19)		(6)
25		(25)		(7)
28		(28)		(8)
21		(21)		(9)
20		(20)		(10)
NULL

	stack A
nbr 	index		act_pos	
20		(20)		(10)
30		(30)		(11)
26		(26)		(12)
31		(31)		(13)
33		(33)		(14)
14		(14)		(15)
34		(34)		(16)
36		(36)		(17)
38		(38)		(18)
29		(29)		(19)
39		(39)		(20)
23		(23)		(21)
40		(40)		(22)
11		(11)		(0)
17		(17)		(1)
22		(22)		(2)
12		(12)		(3)
24		(24)		(4)
27		(27)		(5)
19		(19)		(6)
25		(25)		(7)
28		(28)		(8)
21		(21)		(9)
NULL

	stack A
nbr 	index		act_pos	
21		(21)		(9)
20		(20)		(10)
30		(30)		(11)
26		(26)		(12)
31		(31)		(13)
33		(33)		(14)
14		(14)		(15)
34		(34)		(16)
36		(36)		(17)
38		(38)		(18)
29		(29)		(19)
39		(39)		(20)
23		(23)		(21)
40		(40)		(22)
11		(11)		(0)
17		(17)		(1)
22		(22)		(2)
12		(12)		(3)
24		(24)		(4)
27		(27)		(5)
19		(19)		(6)
25		(25)		(7)
28		(28)		(8)
NULL

	stack A
nbr 	index		act_pos	
28		(28)		(8)
21		(21)		(9)
20		(20)		(10)
30		(30)		(11)
26		(26)		(12)
31		(31)		(13)
33		(33)		(14)
14		(14)		(15)
34		(34)		(16)
36		(36)		(17)
38		(38)		(18)
29		(29)		(19)
39		(39)		(20)
23		(23)		(21)
40		(40)		(22)
11		(11)		(0)
17		(17)		(1)
22		(22)		(2)
12		(12)		(3)
24		(24)		(4)
27		(27)		(5)
19		(19)		(6)
25		(25)		(7)
NULL

	stack A
nbr 	index		act_pos	
25		(25)		(7)
28		(28)		(8)
21		(21)		(9)
20		(20)		(10)
30		(30)		(11)
26		(26)		(12)
31		(31)		(13)
33		(33)		(14)
14		(14)		(15)
34		(34)		(16)
36		(36)		(17)
38		(38)		(18)
29		(29)		(19)
39		(39)		(20)
23		(23)		(21)
40		(40)		(22)
11		(11)		(0)
17		(17)		(1)
22		(22)		(2)
12		(12)		(3)
24		(24)		(4)
27		(27)		(5)
19		(19)		(6)
NULL

	stack A
nbr 	index		act_pos	
19		(19)		(6)
25		(25)		(7)
28		(28)		(8)
21		(21)		(9)
20		(20)		(10)
30		(30)		(11)
26		(26)		(12)
31		(31)		(13)
33		(33)		(14)
14		(14)		(15)
34		(34)		(16)
36		(36)		(17)
38		(38)		(18)
29		(29)		(19)
39		(39)		(20)
23		(23)		(21)
40		(40)		(22)
11		(11)		(0)
17		(17)		(1)
22		(22)		(2)
12		(12)		(3)
24		(24)		(4)
27		(27)		(5)
NULL

	stack A
nbr 	index		act_pos	
27		(27)		(5)
19		(19)		(6)
25		(25)		(7)
28		(28)		(8)
21		(21)		(9)
20		(20)		(10)
30		(30)		(11)
26		(26)		(12)
31		(31)		(13)
33		(33)		(14)
14		(14)		(15)
34		(34)		(16)
36		(36)		(17)
38		(38)		(18)
29		(29)		(19)
39		(39)		(20)
23		(23)		(21)
40		(40)		(22)
11		(11)		(0)
17		(17)		(1)
22		(22)		(2)
12		(12)		(3)
24		(24)		(4)
NULL

	stack A
nbr 	index		act_pos	
24		(24)		(4)
27		(27)		(5)
19		(19)		(6)
25		(25)		(7)
28		(28)		(8)
21		(21)		(9)
20		(20)		(10)
30		(30)		(11)
26		(26)		(12)
31		(31)		(13)
33		(33)		(14)
14		(14)		(15)
34		(34)		(16)
36		(36)		(17)
38		(38)		(18)
29		(29)		(19)
39		(39)		(20)
23		(23)		(21)
40		(40)		(22)
11		(11)		(0)
17		(17)		(1)
22		(22)		(2)
12		(12)		(3)
NULL

	stack A
nbr 	index		act_pos	
12		(12)		(3)
24		(24)		(4)
27		(27)		(5)
19		(19)		(6)
25		(25)		(7)
28		(28)		(8)
21		(21)		(9)
20		(20)		(10)
30		(30)		(11)
26		(26)		(12)
31		(31)		(13)
33		(33)		(14)
14		(14)		(15)
34		(34)		(16)
36		(36)		(17)
38		(38)		(18)
29		(29)		(19)
39		(39)		(20)
23		(23)		(21)
40		(40)		(22)
11		(11)		(0)
17		(17)		(1)
22		(22)		(2)
NULL

	stack A
nbr 	index		act_pos	
22		(22)		(2)
12		(12)		(3)
24		(24)		(4)
rra
pa
rra
rra
rra
rra
rra
rra
rra
rra
rra
rra
27		(27)		(5)
19		(19)		(6)
25		(25)		(7)
28		(28)		(8)
21		(21)		(9)
20		(20)		(10)
30		(30)		(11)
26		(26)		(12)
31		(31)		(13)
33		(33)		(14)
14		(14)		(15)
34		(34)		(16)
36		(36)		(17)
38		(38)		(18)
29		(29)		(19)
39		(39)		(20)
23		(23)		(21)
40		(40)		(22)
11		(11)		(0)
17		(17)		(1)
NULL

	stack A
nbr 	index		act_pos	
17		(17)		(1)
22		(22)		(2)
12		(12)		(3)
24		(24)		(4)
27		(27)		(5)
19		(19)		(6)
25		(25)		(7)
28		(28)		(8)
21		(21)		(9)
20		(20)		(10)
30		(30)		(11)
26		(26)		(12)
31		(31)		(13)
33		(33)		(14)
14		(14)		(15)
34		(34)		(16)
36		(36)		(17)
38		(38)		(18)
29		(29)		(19)
39		(39)		(20)
23		(23)		(21)
40		(40)		(22)
11		(11)		(0)
NULL

	stack A
nbr 	index		act_pos	
11		(11)		(23)
16		(16)		(0)
17		(17)		(1)
22		(22)		(2)
12		(12)		(3)
24		(24)		(4)
27		(27)		(5)
19		(19)		(6)
25		(25)		(7)
28		(28)		(8)
21		(21)		(9)
20		(20)		(10)
30		(30)		(11)
26		(26)		(12)
31		(31)		(13)
33		(33)		(14)
14		(14)		(15)
34		(34)		(16)
36		(36)		(17)
38		(38)		(18)
29		(29)		(19)
39		(39)		(20)
23		(23)		(21)
40		(40)		(22)
NULL

	stack A
nbr 	index		act_pos	
40		(40)		(22)
11		(11)		(23)
16		(16)		(0)
17		(17)		(1)
22		(22)		(2)
12		(12)		(3)
24		(24)		(4)
27		(27)		(5)
19		(19)		(6)
25		(25)		(7)
28		(28)		(8)
21		(21)		(9)
20		(20)		(10)
30		(30)		(11)
26		(26)		(12)
31		(31)		(13)
33		(33)		(14)
14		(14)		(15)
34		(34)		(16)
36		(36)		(17)
38		(38)		(18)
29		(29)		(19)
39		(39)		(20)
23		(23)		(21)
NULL

	stack A
nbr 	index		act_pos	
23		(23)		(21)
40		(40)		(22)
11		(11)		(23)
16		(16)		(0)
17		(17)		(1)
22		(22)		(2)
12		(12)		(3)
24		(24)		(4)
27		(27)		(5)
19		(19)		(6)
25		(25)		(7)
28		(28)		(8)
21		(21)		(9)
20		(20)		(10)
30		(30)		(11)
26		(26)		(12)
31		(31)		(13)
33		(33)		(14)
14		(14)		(15)
34		(34)		(16)
36		(36)		(17)
38		(38)		(18)
29		(29)		(19)
39		(39)		(20)
NULL

	stack A
nbr 	index		act_pos	
39		(39)		(20)
23		(23)		(21)
40		(40)		(22)
11		(11)		(23)
16		(16)		(0)
17		(17)		(1)
22		(22)		(2)
12		(12)		(3)
24		(24)		(4)
27		(27)		(5)
19		(19)		(6)
25		(25)		(7)
28		(28)		(8)
21		(21)		(9)
20		(20)		(10)
30		(30)		(11)
26		(26)		(12)
31		(31)		(13)
33		(33)		(14)
14		(14)		(15)
34		(34)		(16)
36		(36)		(17)
38		(38)		(18)
29		(29)		(19)
NULL

	stack A
nbr 	index		act_pos	
29		(29)		(19)
39		(39)		(20)
23		(23)		(21)
40		(40)		(22)
11		(11)		(23)
16		(16)		(0)
17		(17)		(1)
22		(22)		(2)
12		(12)		(3)
24		(24)		(4)
27		(27)		(5)
19		(19)		(6)
25		(25)		(7)
28		(28)		(8)
21		(21)		(9)
20		(20)		(10)
30		(30)		(11)
26		(26)		(12)
31		(31)		(13)
33		(33)		(14)
14		(14)		(15)
34		(34)		(16)
36		(36)		(17)
38		(38)		(18)
NULL

	stack A
nbr 	index		act_pos	
38		(38)		(18)
29		(29)		(19)
39		(39)		(20)
23		(23)		(21)
40		(40)		(22)
11		(11)		(23)
16		(16)		(0)
17		(17)		(1)
22		(22)		(2)
12		(12)		(3)
24		(24)		(4)
27		(27)		(5)
19		(19)		(6)
25		(25)		(7)
28		(28)		(8)
21		(21)		(9)
20		(20)		(10)
30		(30)		(11)
26		(26)		(12)
31		(31)		(13)
33		(33)		(14)
14		(14)		(15)
34		(34)		(16)
36		(36)		(17)
NULL

	stack A
nbr 	index		act_pos	
36		(36)		(17)
38		(38)		(18)
29		(29)		(19)
39		(39)		(20)
23		(23)		(21)
40		(40)		(22)
11		(11)		(23)
16		(16)		(0)
17		(17)		(1)
22		(22)		(2)
12		(12)		(3)
24		(24)		(4)
27		(27)		(5)
19		(19)		(6)
25		(25)		(7)
28		(28)		(8)
21		(21)		(9)
20		(20)		(10)
30		(30)		(11)
26		(26)		(12)
31		(31)		(13)
33		(33)		(14)
14		(14)		(15)
34		(34)		(16)
NULL

	stack A
nbr 	index		act_pos	
34		(34)		(16)
36		(36)		(17)
38		(38)		(18)
29		(29)		(19)
39		(39)		(20)
23		(23)		(21)
40		(40)		(22)
11		(11)		(23)
16		(16)		(0)
17		(17)		(1)
22		(22)		(2)
12		(12)		(3)
24		(24)		(4)
27		(27)		(5)
19		(19)		(6)
25		(25)		(7)
28		(28)		(8)
21		(21)		(9)
20		(20)		(10)
30		(30)		(11)
26		(26)		(12)
31		(31)		(13)
33		(33)		(14)
14		(14)		(15)
NULL

	stack A
nbr 	index		act_pos	
14		(14)		(15)
34		(34)		(16)
36		(36)		(17)
38		(38)		(18)
29		(29)		(19)
39		(39)		(20)
23		(23)		(21)
40		(40)		(22)
11		(11)		(23)
16		(16)		(0)
17		(17)		(1)
22		(22)		(2)
12		(12)		(3)
24		(24)		(4)
27		(27)		(5)
19		(19)		(6)
25		(25)		(7)
28		(28)		(8)
21		(21)		(9)
20		(20)		(10)
30		(30)		(11)
26		(26)		(12)
31		(31)		(13)
33		(33)		(14)
NULL

	stack A
nbr 	index		act_pos	
33		(33)		(14)
14		(14)		(15)
34		(34)		(16)
36		(36)		(17)
rra
rra
rra
rra
rra
rra
rra
rra
rra
rra
rra
[0;44;30m 38		(38)		(18)
29		(29)		(19)
39		(39)		(20)
23		(23)		(21)
40		(40)		(22)
11		(11)		(23)
16		(16)		(0)
17		(17)		(1)
22		(22)		(2)
12		(12)		(3)
24		(24)		(4)
27		(27)		(5)
19		(19)		(6)
25		(25)		(7)
28		(28)		(8)
21		(21)		(9)
20		(20)		(10)
30		(30)		(11)
26		(26)		(12)
31		(31)		(13)
NULL

	stack A
nbr 	index		act_pos	
31		(31)		(13)
33		(33)		(14)
14		(14)		(15)
34		(34)		(16)
36		(36)		(17)
38		(38)		(18)
29		(29)		(19)
39		(39)		(20)
23		(23)		(21)
40		(40)		(22)
11		(11)		(23)
16		(16)		(0)
17		(17)		(1)
22		(22)		(2)
12		(12)		(3)
24		(24)		(4)
27		(27)		(5)
19		(19)		(6)
25		(25)		(7)
28		(28)		(8)
21		(21)		(9)
20		(20)		(10)
30		(30)		(11)
26		(26)		(12)
NULL

	stack A
nbr 	index		act_pos	
26		(26)		(12)
31		(31)		(13)
33		(33)		(14)
14		(14)		(15)
34		(34)		(16)
36		(36)		(17)
38		(38)		(18)
29		(29)		(19)
39		(39)		(20)
23		(23)		(21)
40		(40)		(22)
11		(11)		(23)
16		(16)		(0)
17		(17)		(1)
22		(22)		(2)
12		(12)		(3)
24		(24)		(4)
27		(27)		(5)
19		(19)		(6)
25		(25)		(7)
28		(28)		(8)
21		(21)		(9)
20		(20)		(10)
30		(30)		(11)
NULL

	stack A
nbr 	index		act_pos	
30		(30)		(11)
26		(26)		(12)
31		(31)		(13)
33		(33)		(14)
14		(14)		(15)
34		(34)		(16)
36		(36)		(17)
38		(38)		(18)
29		(29)		(19)
39		(39)		(20)
23		(23)		(21)
40		(40)		(22)
11		(11)		(23)
16		(16)		(0)
17		(17)		(1)
22		(22)		(2)
12		(12)		(3)
24		(24)		(4)
27		(27)		(5)
19		(19)		(6)
25		(25)		(7)
28		(28)		(8)
21		(21)		(9)
20		(20)		(10)
NULL

	stack A
nbr 	index		act_pos	
20		(20)		(10)
30		(30)		(11)
26		(26)		(12)
31		(31)		(13)
33		(33)		(14)
14		(14)		(15)
34		(34)		(16)
36		(36)		(17)
38		(38)		(18)
29		(29)		(19)
39		(39)		(20)
23		(23)		(21)
40		(40)		(22)
11		(11)		(23)
16		(16)		(0)
17		(17)		(1)
22		(22)		(2)
12		(12)		(3)
24		(24)		(4)
27		(27)		(5)
19		(19)		(6)
25		(25)		(7)
28		(28)		(8)
21		(21)		(9)
NULL

	stack A
nbr 	index		act_pos	
21		(21)		(9)
20		(20)		(10)
30		(30)		(11)
26		(26)		(12)
31		(31)		(13)
33		(33)		(14)
14		(14)		(15)
34		(34)		(16)
36		(36)		(17)
38		(38)		(18)
29		(29)		(19)
39		(39)		(20)
23		(23)		(21)
40		(40)		(22)
11		(11)		(23)
16		(16)		(0)
17		(17)		(1)
22		(22)		(2)
12		(12)		(3)
24		(24)		(4)
27		(27)		(5)
19		(19)		(6)
25		(25)		(7)
28		(28)		(8)
NULL

	stack A
nbr 	index		act_pos	
28		(28)		(8)
21		(21)		(9)
20		(20)		(10)
30		(30)		(11)
26		(26)		(12)
31		(31)		(13)
33		(33)		(14)
14		(14)		(15)
34		(34)		(16)
36		(36)		(17)
38		(38)		(18)
29		(29)		(19)
39		(39)		(20)
23		(23)		(21)
40		(40)		(22)
11		(11)		(23)
16		(16)		(0)
17		(17)		(1)
22		(22)		(2)
12		(12)		(3)
24		(24)		(4)
27		(27)		(5)
19		(19)		(6)
25		(25)		(7)
NULL

	stack A
nbr 	index		act_pos	
25		(25)		(7)
28		(28)		(8)
21		(21)		(9)
20		(20)		(10)
30		(30)		(11)
26		(26)		(12)
31		(31)		(13)
33		(33)		(14)
14		(14)		(15)
34		(34)		(16)
36		(36)		(17)
38		(38)		(18)
29		(29)		(19)
39		(39)		(20)
23		(23)		(21)
40		(40)		(22)
11		(11)		(23)
16		(16)		(0)
17		(17)		(1)
22		(22)		(2)
12		(12)		(3)
24		(24)		(4)
27		(27)		(5)
19		(19)		(6)
NULL

	stack A
nbr 	index		act_pos	
19		(19)		(6)
25		(25)		(7)
28		(28)		(8)
21		(21)		(9)
20		(20)		(10)
30		(30)		(11)
26		(26)		(12)
31		(31)		(13)
33		(33)		(14)
14		(14)		(15)
34		(34)		(16)
36		(36)		(17)
38		(38)		(18)
29		(29)		(19)
39		(39)		(20)
23		(23)		(21)
40		(40)		(22)
11		(11)		(23)
16		(16)		(0)
17		(17)		(1)
22		(22)		(2)
12		(12)		(3)
24		(24)		(4)
27		(27)		(5)
NULL

	stack A
nbr 	index		act_pos	
27		(27)		(5)
19		(19)		(6)
25		(25)		(7)
28		(28)		(8)
21		(21)		(9)
20		(20)		(10)
30		(30)		(11)
26		(26)		(12)
31		(31)		(13)
33		(33)		(14)
14		(14)		(15)
34		(34)		(16)
36		(36)		(17)
38		(38)		(18)
29		(29)		(19)
39		(39)		(20)
23		(23)		(21)
40		(40)		(22)
11		(11)		(23)
16		(16)		(0)
17		(17)		(1)
22		(22)		(2)
12		(12)		(3)
24		(24)		(4)
NULL

	stack A
nbr 	index		act_pos	
24		(24)		(4)
27		(27)		(5)
19		(19)		(6)
25		(25)		(7)
28		(28)		(8)
21		(21)		(9)
20		(20)		(10)
30		(30)		(11)
26		(26)		(12)
31		(31)		(13)
33		(33)		(14)
14		(14)		(15)
34		(34)		(16)
36		(36)		(17)
38		(38)		(18)
29		(29)		(19)
39		(39)		(20)
23		(23)		(21)
40		(40)		(22)
11		(11)		(23)
16		(16)		(0)
17		(17)		(1)
22		(22)		(2)
12		(12)		(3)
NULL

	stack A
nbr 	index		act_pos	
12		(12)		(3)
24		(24)		(4)
27		(27)		(rra
5)
19		(19)		(6)
25		(25)		(7)
28		(28)		(8)
21		(21)		(9)
20		(20)		(10)
30		(30)		(11)
26		(26)		(12)
31		(31)		(13)
33		(33)		(14)
14		(14)		(15)
34		(34)		(16)
36		(36)		(17)
38		(38)		(18)
29		(29)		(19)
39		(39)		(20)
23		(23)		(21)
40		(40)		(22)
11		(11)		(23)
16		(16)		(0)
17		(17)		(1)
22		(22)		(2)
NULL

	stack A
nbr 	index		act_pos	
22		(22)		(2)
12		(12)		(3)
24		(24)		(4)
27		(27)		(5)
19		(19)		(6)
25		(25)		(7)
28		(28)		(8)
21		(21)		(9)
20		(20)		(10)
30		(30)		(11)
26		(26)		(12)
31		(31)		(13)
33		(33)		(14)
14		(14)		(15)
34		(34)		(16)
36		(36)		(17)
38		(38)		(18)
29		(29)		(19)
39		(39)		(20)
23		(23)		(21)
40		(40)		(22)
11		(11)		(23)
16		(16)		(0)
17		(17)		(1)
NULL

